[[-422 517 615 -509 -977 192 386 119 103 -63 -331 145 266 -419 504 -285 536 173 200 -86 559 788 327 -192 -242 -70 -107 28 159 -312 179 -461 -683 -366 46 -117 -346 -348 -651 -700 -53 -81 19 614 -165 -44 693 524 406 -79 36 730 578 -267 111 -52 -71 -2]
[-272 455 -785 -296 -434 360 474 -238 63 -658 121 539 0 26 169 299 315 -170 806 -725 -60 -289 416 440 -254 -198 255 751 28 327 -293 275 301 -54 16 -444 -194 -505 -364 -119 -428 -394 -229 1019 -967 430 328 318 -644 -797 417 778 390 42 -324 -18 1 0]
[304 474 -324 208 549 303 732 -206 -75 -680 369 -37 -85 367 -775 319 -244 -219 -208 -331 -330 -355 -146 920 320 -256 957 561 513 432 1070 144 443 -140 -338 -196 -450 -241 166 -333 68 -121 305 106 -388 -36 -879 60 -217 -458 222 -440 689 543 -671 -172 93 2]
[406 -27 -404 300 241 -86 -30 -76 601 -419 13 245 -356 413 -422 -407 -549 65 -478 -455 -503 70 -868 69 855 1166 867 96 93 249 848 74 576 -155 -242 -540 298 -21 176 90 -237 483 117 150 354 297 402 302 232 66 264 -405 588 923 -11 193 98 2]
[-55 -687 330 438 285 398 -1146 -31 -400 23 -412 -330 -135 -527 669 327 11 -359 500 -85 -181 435 252 -60 -69 -475 -1060 -567 683 -374 -603 346 26 540 228 799 -235 219 -415 379 47 -334 -357 -242 1057 -650 -12 -577 629 325 -544 -256 -712 -155 511 -680 -94 -2]
[519 -85 571 37 -221 -391 -465 -55 -185 223 -395 -37 -643 -617 367 325 -182 -546 50 -273 368 148 378 -351 -51 -554 -453 -511 736 204 -888 -479 -942 81 -151 326 -225 -378 146 -1334 -335 -122 82 -303 350 -873 288 -752 563 92 -323 -106 -763 -529 159 -330 -73 -2]
[-74 -43 127 161 561 -268 311 -60 11 529 417 -486 688 99 -510 434 38 461 236 318 245 343 403 568 -75 -115 418 -73 -179 1019 -35 517 540 101 117 25 -408 222 80 536 738 370 -201 830 -851 864 -942 585 -204 -453 -283 326 467 602 -563 -157 -26 0]
[-376 -62 145 -785 828 -15 82 552 42 -237 158 -185 -664 28 227 565 557 -349 -177 -10 -605 -140 -297 437 142 -502 253 526 113 -612 -669 118 -163 116 -340 868 -22 178 -414 -4 -182 -293 236 -344 749 -229 -260 -114 537 223 -486 -838 -301 -74 -178 -191 21 0]
[44 -470 -552 -93 497 -556 395 -207 290 377 107 402 -299 167 -37 -190 322 392 -160 57 -679 649 -917 766 455 221 646 463 -438 105 685 585 935 139 -296 508 -615 139 -681 -212 587 206 230 429 -264 926 -146 1062 121 -608 -188 -76 990 499 -447 187 -129 0]
[-15 -376 -635 -363 184 -311 -731 9 -262 754 348 174 -337 -34 197 85 319 -266 -165 400 -354 -164 -564 60 106 -688 -522 676 -305 -77 -424 640 277 93 294 635 7 -344 -612 604 528 -93 449 -405 500 207 75 -410 -178 822 -313 -565 -280 407 -239 104 -577 2]
[-331 212 278 318 -157 321 144 260 -990 -980 185 39 505 -266 531 707 -262 162 422 -496 83 -432 451 -188 -287 -341 -915 -23 -193 -464 -57 140 -485 159 753 -457 -406 -87 -192 429 439 16 -196 198 -447 -394 -617 125 56 66 375 258 -183 -607 197 343 392 -4]
[424 -54 502 581 -621 -576 -412 395 -380 933 33 192 193 -163 -171 583 -247 490 61 422 563 494 23 -149 -123 1156 -330 -735 -287 -302 -518 60 -438 -250 -63 -800 -95 15 -183 425 324 1123 149 144 -101 638 466 -193 402 444 -35 -350 83 344 550 263 -56 -2]
[28 -121 -1047 1018 -296 447 -421 -82 367 -604 77 -319 -258 -136 -467 108 -12 -332 330 204 87 -357 346 236 -624 989 -306 -358 -272 8 524 439 1252 490 -141 -68 781 239 37 1215 -658 -188 -420 480 142 260 -29 -94 -1184 -136 176 -174 -318 -463 806 182 176 2]
[4 -141 588 572 -478 56 12 -268 -345 933 -442 -157 534 -620 615 213 142 -149 1078 560 -281 1317 853 -158 -428 195 -251 -787 466 -179 -316 -278 -503 343 -195 367 -596 533 205 -169 126 -368 -234 -98 722 425 374 -415 428 197 -1138 21 81 374 84 -460 -70 -2]
[210 -373 -70 417 -170 837 -600 40 -178 872 -171 384 -135 656 -347 -118 536 -23 242 -679 399 74 151 512 39 250 -69 408 1101 46 -4 249 389 -883 -202 -55 -617 9 -256 -10 -161 -293 -61 -261 511 179 421 -421 41 259 625 -252 -430 540 -55 -657 -447 2]
[-28 215 60 447 815 41 770 363 -63 -433 372 -507 98 -20 24 498 -538 101 -617 -430 562 -432 195 -309 -557 205 57 -255 -498 270 -382 -478 131 -458 192 -460 -72 800 633 -18 20 846 489 -277 -172 -405 -816 -346 -357 303 -49 -895 -518 -450 -406 217 614 -2]
[95 545 681 -688 -173 -51 776 355 -83 403 171 361 -29 791 -80 -324 -173 -143 -134 920 74 -46 -243 186 -5 276 1241 284 395 -332 438 -313 -1240 -239 -666 -444 417 -319 835 -500 -338 -339 -131 -216 -505 -134 676 -125 269 178 -186 -427 -24 324 9 -312 -357 4]
[-415 225 349 -822 -409 309 190 521 2 124 -120 235 33 190 -101 -604 475 -165 -120 366 376 -59 138 417 -226 -570 142 527 -40 -922 726 481 -361 -156 -514 314 393 222 -659 -215 -601 -730 -759 359 -76 -321 -237 369 135 -64 657 136 -196 -218 103 -330 -500 2]
[-1 -82 912 -153 -181 -305 -213 -259 394 791 -206 -456 409 413 -186 132 -573 249 -255 1138 902 67 -208 -121 90 152 -58 -507 -759 277 -459 -84 -1036 222 70 -412 589 -568 312 130 489 134 230 -727 -542 -32 173 18 339 -215 163 65 -479 558 40 -170 -636 2]
[136 69 -553 705 180 -122 -624 -286 -166 -527 -361 -88 -389 -78 -838 -112 -648 -739 -347 -127 -246 -755 38 1005 -9 -726 -466 170 -247 781 121 494 406 379 286 29 718 -1233 94 -231 -32 -592 -250 272 -453 -447 -555 -879 -238 -383 416 183 -323 173 -345 -306 -569 4]
[-98 330 671 293 -450 839 25 -284 -76 423 106 -203 466 1121 -315 -359 53 -55 -133 377 400 -525 -295 -115 -109 100 492 121 299 -537 1093 -81 145 -168 81 89 201 59 -227 381 120 -876 124 -992 863 -261 454 178 255 654 963 492 376 864 86 -162 -547 2]
[-265 357 -412 -117 -110 330 695 -199 -545 -465 660 -479 374 -640 586 160 -313 -12 666 -236 -78 -180 585 337 -506 -1123 77 -354 42 -45 120 970 633 477 425 0 -314 204 78 -66 -182 -83 -190 704 105 -745 -669 58 -535 -193 -195 49 622 -237 -547 262 417 -4]
[-184 642 159 -1071 -727 562 432 374 152 -376 294 48 258 33 -190 -116 -112 207 318 470 -4 -177 71 338 647 514 351 -436 -211 -1192 184 130 -431 -178 -435 -919 428 27 -120 241 269 832 -281 -249 -120 120 -6 601 741 -603 936 -118 502 -233 776 252 580 -2]
[-305 -32 258 -76 -303 86 789 550 512 181 -118 -220 542 -473 550 -30 -569 238 84 831 386 546 351 584 -446 786 344 -215 -836 -513 -135 220 -195 531 44 -65 1158 954 108 495 122 481 -131 538 -116 334 296 153 223 29 25 130 -120 -262 352 -139 25 -2]
[-470 -28 -339 38 46 -449 284 16 536 376 75 -325 427 -318 -423 -328 182 501 80 727 -315 220 -230 -294 -49 -448 -227 -592 -1630 -180 197 182 124 36 -124 732 423 72 -359 158 -430 -455 -195 -383 134 -188 -376 -116 -451 62 -671 -304 227 80 -471 396 -73 2]
[-701 -172 660 -266 -1083 -25 -64 -106 365 386 -217 -583 58 7 316 -833 345 -405 -158 481 1085 656 866 -121 -700 -103 -413 -182 20 483 182 -664 -1256 -155 568 214 555 -461 951 -116 607 -392 147 -270 45 -142 -143 24 97 704 -298 -118 -1073 -487 351 534 -173 2]
[-180 -165 207 -125 973 -26 422 -130 98 19 -68 -554 380 613 -272 549 -58 6 -360 -775 2 -292 -301 744 167 -309 783 663 166 792 -322 -282 779 -737 204 68 250 353 132 168 684 900 490 309 -860 321 -502 -146 669 16 545 -132 -5 867 -470 -393 125 0]
[597 -309 -231 720 485 -124 -87 501 -146 -67 -538 787 -256 234 760 -43 -189 620 -654 -369 -895 13 -864 -659 -40 496 -154 -33 -479 -1086 -445 -623 13 -168 453 199 -49 334 71 645 -219 461 805 -532 903 -33 1043 -611 478 385 -346 200 -161 209 196 205 89 0]
[774 -218 -626 322 -598 -786 149 207 -333 198 12 815 173 97 386 590 81 212 977 -290 -6 -240 228 190 -219 169 -636 -59 -685 -183 -533 -151 -758 -93 243 234 -223 124 765 -543 350 -284 -199 -154 -1440 676 0 -42 -529 -990 272 78 -1144 -606 460 171 324 0]
[-102 -139 -387 -575 -792 -319 -657 138 -82 -412 -104 787 -584 -379 583 -431 -33 60 158 -21 -189 523 -740 524 -52 675 -244 -808 554 -765 -7 -149 -569 -132 -540 -34 -159 -335 -382 -545 -826 -20 -97 286 -169 -635 1561 -84 -16 -234 -758 -740 727 -666 453 108 362 0]
[62 770 588 -139 171 347 -348 18 434 -794 438 -748 -528 -513 -298 541 -241 -200 -766 -353 241 -270 -331 -677 429 90 -8 -465 322 -205 801 -602 -729 49 -120 -409 -493 -884 -884 -465 -149 -18 727 -581 973 -1608 107 180 493 824 43 -594 -229 -170 -212 424 80 0]
[156 -56 157 -58 174 -126 230 -285 150 686 692 182 966 524 -742 -331 266 426 -174 203 186 336 90 -868 111 375 972 -172 -81 -74 398 43 346 -328 -401 -638 192 574 509 742 -219 366 -555 317 -765 609 315 143 -484 271 86 274 623 935 50 -396 -350 -26]
[696 -930 184 440 341 -180 -698 -258 -579 -5 -597 -216 -31 -683 525 299 -265 441 -768 5 -352 240 -389 -347 306 -472 -695 33 6 -520 310 399 -33 205 397 26 -199 -616 -484 55 640 -90 377 -262 295 -749 239 -217 322 253 410 552 -370 251 265 170 -450 0]
[323 87 -207 -773 -480 -889 347 -104 -194 874 261 397 -113 85 71 299 396 582 593 209 -141 -286 -106 -691 -210 -258 262 518 -311 558 -589 413 -144 -700 -419 72 -143 -451 -843 -697 -428 -90 51 592 -506 507 544 357 -598 -242 -451 136 494 327 -248 433 -256 -22]
[-32 -21 674 -126 -231 324 466 -148 -712 -32 524 -146 918 -189 304 -375 -511 -26 -41 -703 626 592 511 -42 268 -353 294 -116 1123 208 898 215 -553 -530 418 -80 -683 597 461 -254 319 443 252 319 587 -840 -361 -413 300 751 -58 -519 82 254 48 -290 -19 -74]
[27 155 587 -550 44 30 -779 338 46 403 -793 -696 -71 -689 -96 -670 388 -446 -625 1126 467 249 184 404 -707 -703 -264 -709 480 -22 291 -101 -294 172 84 514 562 -64 28 44 81 170 -208 777 -427 -617 -150 -262 691 425 -703 358 -545 -634 200 -456 -239 49]
[-11 -312 -491 -212 482 -512 17 94 -415 272 77 262 -29 -131 118 -37 201 -323 -440 -263 -991 -742 -519 -227 14 260 116 349 -832 -403 -173 1 210 490 -219 951 416 864 156 -305 -349 -416 31 -328 281 123 283 217 -603 411 -194 -347 59 -381 -444 49 -164 -127]
[865 -218 973 873 -13 -513 -244 -23 -260 109 563 -313 -131 34 -341 612 -730 -299 -183 189 333 74 289 -13 72 256 26 -594 406 370 555 -430 -470 548 540 111 -400 -78 682 -420 1176 -59 566 -592 354 -88 -792 442 28 -169 -48 41 -80 -147 125 165 -471 -121]
[508 -615 733 431 381 -287 -24 151 -698 804 -463 -337 862 -189 101 618 -411 415 319 185 -64 294 92 -266 911 -212 -514 48 356 530 190 -268 -697 150 570 850 -770 126 691 277 571 -166 138 -658 618 -115 -897 -5 24 352 62 -299 -644 284 -735 216 -359 -146]
[17 756 191 159 -493 218 294 629 183 -631 85 -268 465 -38 271 145 274 -11 468 1 -141 563 27 57 691 735 413 -245 88 294 398 -63 -82 -217 336 -89 -226 -50 74 599 689 473 153 719 453 488 -28 642 694 848 -52 293 243 838 488 173 162 -89]
[-499 733 31 -589 410 -176 574 471 -70 -793 727 109 -237 -207 -863 578 21 -397 -40 -171 387 -915 717 368 -356 -518 203 352 -135 -154 -1029 -91 -120 -394 -672 -62 335 146 -66 -193 -561 211 -84 121 -582 -246 -541 -13 -612 -833 395 -103 464 -1196 19 -294 440 30]
[50 -95 329 -324 623 -482 10 113 186 -419 -43 -227 -173 -208 -270 -281 38 142 -441 -692 -76 167 73 722 951 -555 134 229 549 739 -371 840 -104 -164 -60 247 -259 -551 -18 -714 73 -447 -354 193 94 -199 -630 392 362 -1042 117 -120 136 80 -447 -195 4 -25]
[-151 269 -284 -329 -120 -281 -1 189 -328 15 -366 653 322 -143 432 -269 141 237 -16 -508 -512 -602 -272 -17 41 -14 47 593 -638 -490 -89 -225 7 -44 731 -25 -35 1 211 -777 -49 -395 520 -172 -591 241 405 -79 -292 -194 62 535 80 -308 -361 702 89 -101]
[-631 151 1088 91 570 187 -39 977 -247 -271 -164 -381 387 303 94 541 159 576 -326 -534 252 382 -40 -71 556 289 -59 -62 213 -317 -436 206 432 -265 -73 -345 -757 678 -1244 182 332 320 -140 346 994 311 -449 406 1189 125 443 -152 637 978 -79 -287 -82 34]
[62 805 -845 -116 -93 422 1014 -74 615 -800 446 -235 -578 20 -42 236 511 -380 213 -500 -521 38 344 -106 -514 -527 1172 321 526 -322 175 -379 312 216 -653 -48 -237 -31 710 -311 -1234 -190 190 395 -142 -359 -227 -118 -850 -603 -270 -921 171 -244 -118 32 346 76]
[-836 -36 537 411 -528 295 -392 -177 -196 -249 -332 -707 743 -78 286 211 719 195 870 -752 697 103 1096 371 -485 -279 -332 -448 245 -77 -190 -299 -158 197 409 527 -59 -233 134 -46 -327 -1163 -381 445 296 -528 288 101 59 44 50 952 -126 -196 432 -114 309 131]
[188 -377 -723 595 -2 -32 -88 -267 -235 -418 321 180 -256 -59 283 732 -210 -110 -90 0 -256 -1097 -147 -430 -649 259 -467 -144 -580 71 -386 -391 45 381 197 99 780 321 562 684 -443 756 500 -189 -466 4 61 -350 -619 205 -144 93 -391 -772 363 492 405 -166]
[-845 277 -495 -529 185 -208 156 -52 337 364 319 489 -23 -81 -78 -211 102 233 581 -182 -242 236 61 596 -59 -552 342 388 -672 771 -86 613 -504 -238 675 -110 83 -687 55 -76 259 52 -192 1206 -908 173 -39 322 39 48 -373 97 -83 229 -906 471 -342 186]
[204 204 -314 669 1139 -213 966 412 -136 296 306 538 305 709 -519 18 31 553 -151 -139 -415 205 -677 596 -140 742 1079 213 -555 124 266 362 1120 -317 -485 -258 -273 1069 136 -197 -167 74 62 547 -800 1081 -2 103 -587 -547 -423 49 650 731 -860 -292 -412 47]
[790 650 375 -284 -372 -1186 220 506 800 637 764 395 -458 80 -957 600 306 492 -803 -209 1064 324 -237 98 649 205 851 145 447 327 415 -168 -403 -247 -66 510 -305 -452 -593 -535 -398 152 586 778 -23 250 263 675 9 206 403 119 419 78 -254 94 -39 -38]
[-369 -661 -166 650 -652 8 -615 -583 26 -19 -223 483 -609 199 426 -265 -24 -1056 959 -298 121 413 -175 -458 -161 751 -278 157 537 464 -12 -10 190 368 4 -101 -294 -373 -260 262 -392 -791 -764 613 177 502 816 499 -482 506 130 288 -207 436 431 -2 -584 65]
[-34 -842 261 357 370 189 -284 105 -196 -277 190 -503 -409 123 525 759 157 -16 -272 -265 261 -356 48 -176 -461 -108 -94 168 512 233 118 209 259 280 242 865 683 711 -21 995 -206 -114 -381 7 98 -476 99 99 64 888 -60 -204 -411 -373 737 -131 -188 -147]
[-161 -277 544 47 -335 -235 -285 152 -27 873 73 -257 80 223 -423 -195 755 691 -322 965 -182 851 201 141 704 -10 -291 -187 368 -195 276 -148 -500 -417 -87 211 -217 -298 517 664 287 543 478 -164 173 569 224 -52 441 307 -21 240 355 134 -138 388 -359 82]
[285 274 980 473 -435 -653 555 -286 -244 -10 -30 -603 258 131 161 613 -30 409 55 101 799 219 -290 -299 -809 -238 -578 -17 -613 -598 940 -525 -368 277 -165 122 -843 482 -756 -731 151 -46 498 66 -712 -64 -403 580 101 -390 59 -47 270 -775 451 195 194 80]
[-337 -440 479 264 -384 -267 -584 110 -1036 508 424 219 230 27 18 -127 195 478 598 11 -386 918 -172 441 42 208 -446 -723 58 -372 478 548 -421 -19 430 -333 -1153 92 116 515 885 -240 -241 164 226 346 284 53 184 390 -409 -391 233 169 218 122 -223 65]
[-372 14 -1034 -609 -584 474 -332 -64 447 -338 245 172 -209 178 -600 -234 341 200 545 198 76 -1136 433 -84 -291 -868 11 33 -297 38 -318 -181 8 297 176 671 572 -95 72 569 -519 -291 -173 -15 -8 -633 -198 20 -856 -666 -249 1120 -142 -1169 625 509 475 -190]
[-475 -305 791 424 -16 -221 693 673 -234 -45 -225 303 187 7 9 609 907 478 -83 -22 108 1022 396 574 -460 161 52 104 -45 88 -222 -332 326 -94 189 486 -579 1077 -556 90 641 385 340 470 -176 782 -340 167 401 21 -1083 263 841 -589 228 -26 260 108]
[-291 -30 297 569 -6 -151 -10 -224 -388 -67 18 206 914 457 -240 -485 -558 760 188 -276 -506 228 449 -380 258 921 243 -747 -43 381 -286 -579 -249 -253 242 -1144 37 26 648 335 227 555 100 -151 -22 369 324 -110 -171 56 -89 81 255 -111 53 819 332 -57]
]