[[-141 -208 -66 282 294 167 -231 -1009 348 183 -184 265 109 310 622 -155 -398 949 70 203 502 -145 326 -258 0 471 25 -296 -95 -197 286 551 -157 31 535 91 -738 -48 -488 -1006 22 185 -69 -42 -228 733 235 -318 -134 125 642 -198 1]
[-484 73 -509 279 207 -72 261 128 -523 -167 -212 -240 -632 35 -1173 738 315 -530 -382 -528 146 321 160 247 131 -38 -419 426 -167 108 689 438 284 97 -1004 209 711 -204 31 221 -652 43 130 -236 565 -560 235 507 -60 76 -405 195 -1]
[-135 367 747 131 36 -16 -553 114 -314 491 689 -33 168 -349 85 -490 157 393 -199 787 282 -245 -427 226 125 -308 138 -571 -323 -57 -586 -427 -611 753 251 -465 -340 -87 -446 -49 399 -279 675 137 -169 495 163 -231 -286 -258 203 -12 9]
[-20 575 287 277 260 542 117 -197 -198 108 126 185 -328 301 257 560 -36 386 -92 219 -285 125 -542 161 91 -526 492 -111 101 84 348 -203 -531 881 -160 110 -112 127 -333 -53 718 816 773 -1178 321 342 179 158 140 -337 218 173 8]
[-211 404 277 143 -2 604 568 27 308 -208 -71 36 221 48 393 75 224 -669 944 191 -224 -87 -363 334 -458 148 488 -96 896 -245 598 -979 -451 -17 258 390 -414 -405 54 192 531 176 42 -43 -477 -232 -289 -713 653 129 -216 188 -1]
[-646 322 -557 -366 -42 611 318 320 649 -571 -6 -504 -214 265 3 -4 293 -887 -410 -151 -85 570 93 567 112 -95 363 57 -7 175 685 -397 -232 378 -492 620 563 -95 -1071 643 -85 63 681 -424 703 -639 118 -579 -67 -214 -193 369 7]
[-151 -82 127 911 83 95 755 396 -756 -85 702 226 -228 86 -242 -181 -317 -113 331 161 148 -164 -544 -153 -623 -727 309 319 802 -1113 -63 -533 153 -201 -103 -26 195 -257 470 698 523 -243 405 193 -650 -774 -349 32 348 -589 -304 10 0]
[43 -454 -95 68 -337 516 -296 376 450 -514 61 131 -54 144 901 -1095 374 -773 191 -324 -89 76 -581 67 -431 -964 168 286 629 -217 102 -629 296 -111 -141 187 584 -531 17 198 -501 -240 271 107 -16 -1066 -379 -1086 175 -70 -237 45 -11]
[468 -16 145 700 78 117 -737 -904 -484 640 58 45 -1024 266 -7 -295 324 441 -174 -471 46 475 74 -3 220 343 -479 -155 -353 229 519 433 74 776 -97 -696 339 34 976 -262 -364 522 -83 -440 635 139 189 369 -179 67 82 -89 -10]
[498 -363 461 735 204 -98 -442 -629 -77 -322 51 357 -163 -28 1027 120 -275 950 -205 -188 372 -286 -318 -348 46 -361 871 649 -327 -663 -503 -309 35 96 -115 166 294 -712 60 -312 471 294 24 -628 -703 227 -217 -117 80 -363 231 -191 1]
[119 -284 479 -318 21 -571 149 22 -374 38 -71 -22 -748 471 4 -484 522 -357 609 -252 -238 379 -42 365 486 -545 -677 -560 -10 938 -204 350 314 537 -60 27 -203 252 1168 -171 -299 150 -57 -158 712 -368 42 349 354 202 -121 74 -11]
[-574 444 294 677 -34 28 723 486 -139 -425 998 -392 -366 -76 -608 -373 369 -329 176 431 276 376 -67 345 404 45 -489 -636 -569 61 420 -911 -580 109 369 603 69 555 -311 938 -458 -314 403 153 142 -887 325 -319 -261 -221 -274 34 150]
[255 487 -284 471 38 236 441 -273 -955 -162 540 377 -153 -235 -663 553 260 305 135 -540 546 353 475 -195 183 587 58 281 -608 -252 -45 -714 131 -384 79 -203 588 -169 512 694 -342 179 -752 294 -311 77 136 291 -403 801 -309 -90 2]
[33 51 810 92 -447 -126 -523 714 -152 -72 -7 -144 264 -807 -86 398 279 -800 -28 668 -192 78 -878 -362 -13 195 278 42 -487 251 -189 -494 -825 -402 5 927 394 -472 55 -35 -113 192 206 -600 -160 89 -58 -188 -144 -159 -650 37 0]
[-128 -432 -154 162 -7 -546 -881 804 -95 52 68 73 110 43 -281 -196 -139 -140 -217 585 272 187 -580 -254 -428 -514 -724 14 -151 -244 -305 830 41 -391 -129 -695 108 -677 -515 -1015 -350 -344 159 -334 -94 121 319 -534 147 -336 419 -31 -19]
[-832 -401 -613 175 -570 336 -980 179 -8 -143 432 361 77 -335 -130 78 656 -595 -337 -263 190 -83 -68 60 -132 10 -12 21 261 816 621 -419 -204 -432 -100 196 505 27 -64 -241 -1140 -505 488 839 194 -280 93 -255 -890 560 -368 -57 0]
[-15 61 -412 -312 -520 -123 -97 289 509 -458 99 -340 294 216 -33 244 -203 -162 -395 62 222 903 -193 426 246 1107 549 331 -20 357 -117 -172 156 -530 66 -18 1014 303 459 575 1195 251 -42 -607 341 293 -303 -9 17 -668 -381 301 -132]
[695 123 507 403 -130 -635 -365 134 301 260 -750 92 -521 -1064 -23 -65 372 137 145 -662 -312 -634 -97 169 -88 -801 -365 164 -761 7 -120 -145 -13 161 -612 286 271 -399 328 594 -180 -121 124 64 -91 -621 -121 255 330 1 -83 -236 132]
[-216 -356 -611 73 77 -500 311 213 417 -563 93 382 379 -98 529 -8 3 766 -31 23 386 -477 1111 -69 -71 -611 79 -235 0 -303 -691 -189 -74 1 484 229 -188 -200 -662 273 163 -183 521 -217 -398 204 362 -34 218 58 771 -75 142]
[-89 435 -543 634 -28 592 256 -285 34 145 394 -658 -596 -253 -472 153 -405 -582 -678 -129 181 -426 -25 -163 86 281 -175 286 176 -282 544 130 -77 99 -201 76 6 109 -588 -37 -330 -357 -510 398 -292 -841 514 -187 -508 -85 -53 35 0]
[134 190 -381 81 79 -533 -358 449 -542 801 -492 5 -244 -431 -1274 856 425 -1073 130 172 -355 204 370 -297 -773 895 -143 653 -258 -271 -84 795 -30 -798 -330 -461 54 -406 266 209 67 -365 624 395 35 126 261 356 529 275 -131 42 -28]
[-246 -363 549 -321 326 -646 -271 841 100 -95 446 168 -29 -199 -516 378 -30 -479 -624 141 -361 8 -61 83 151 -138 -484 -243 -592 584 483 413 -730 35 -987 -191 -55 -227 -773 -706 -872 -62 161 397 -102 60 -101 -26 -74 -334 203 -253 150]
[519 277 756 943 -59 158 -544 -258 31 -52 15 136 -419 -388 894 48 484 -569 167 130 -86 12 -309 440 -304 836 -5 662 30 543 920 -587 -312 -383 -289 163 18 -506 781 -550 413 244 202 -242 -150 -72 -76 -10 626 115 -20 -29 131]
[524 -381 612 -730 -31 -704 -360 94 -93 669 -326 -217 209 -595 -127 -293 385 -363 -335 18 -593 -47 -278 132 558 -185 -325 -588 -57 320 -930 109 -131 -161 35 -366 -164 101 888 80 -321 -76 -914 166 303 -335 -295 322 -413 -247 -654 -243 -131]
[100 419 140 359 -16 265 765 -195 -580 48 324 -263 -450 356 -412 -258 83 336 319 -465 484 413 425 -207 247 -340 -776 -471 -209 -120 438 273 52 514 455 691 286 241 260 470 251 423 32 -277 77 -67 576 1165 -87 143 340 51 282]
[188 -334 5 77 158 69 278 -1001 -79 286 491 -30 -204 822 -2 -807 -133 437 144 66 -128 133 701 -399 706 23 206 -654 -258 -286 -731 122 -258 349 1109 98 -426 327 -297 -1 245 -279 -168 662 -488 142 44 293 -544 548 45 -113 1]
[445 -717 -434 685 -318 65 -922 -347 466 -168 122 -57 -280 242 353 -73 -11 -214 -110 -260 197 -392 97 68 -54 892 -149 552 256 -161 -112 -189 138 15 -377 -669 389 -165 473 -632 -480 -52 -552 107 -530 -421 -531 -337 -329 295 -372 78 -150]
[-155 121 29 176 378 157 -81 307 269 -280 216 533 -438 -143 -232 1032 276 -641 71 -287 89 -71 -704 841 301 86 -274 -37 255 397 864 -480 -399 267 -645 113 -77 -1 60 -1120 -619 528 -67 -1073 147 -474 385 -901 202 184 -27 201 -133]
[390 277 471 -99 5 492 -831 -617 -401 341 132 -212 208 114 399 -395 426 136 -709 366 531 530 -114 410 81 813 -51 -21 -1310 318 -374 106 -588 -390 46 -356 113 -262 -642 -449 342 279 -79 -212 -159 542 -111 -237 -794 398 149 -170 133]
[403 128 -167 514 -229 -90 -159 -595 -607 542 -227 494 110 -332 -225 305 -171 916 -541 -457 -315 51 630 -95 -216 158 97 -300 211 -337 122 128 -54 -372 371 -232 360 -310 631 397 186 82 -27 -122 -59 286 139 543 -402 543 -148 -363 56]
[-529 670 -66 -387 165 910 -118 170 452 -275 314 -77 660 306 202 -272 756 -589 -419 -295 652 732 -194 777 222 -221 -355 -256 826 239 606 -181 -134 263 20 -712 137 -363 -173 -254 -735 307 -128 264 159 -252 105 -944 -393 250 29 -39 36]
[80 -586 11 -453 -284 215 70 -346 723 -815 -209 725 726 208 1206 -611 231 322 270 196 478 -348 229 -552 620 268 502 -369 179 933 -328 -142 144 -332 391 591 -176 -124 -145 -439 -924 466 348 45 30 -14 -112 -956 -26 353 71 -256 -251]
[-217 -418 -610 442 -167 -86 -372 -415 8 120 403 330 -197 148 112 -948 -372 483 -521 228 282 15 450 283 -81 -41 195 -279 -337 -735 -41 113 -250 559 311 -49 247 -56 16 508 -153 2 944 -313 644 -472 56 -79 -693 -191 -157 185 -250]
[-115 -661 -567 483 478 -91 -54 -695 -190 -515 337 518 -502 507 753 269 -12 292 -229 -781 -162 412 553 -819 343 278 723 49 317 -482 117 530 89 69 754 655 -76 581 666 -185 -357 573 112 -613 240 17 562 350 -64 -310 88 -115 -125]
[2 159 612 -474 -329 -393 496 408 231 -264 -390 305 793 -342 -999 476 361 114 218 -299 -815 81 -38 -13 244 257 -324 -105 99 380 52 -128 -326 -692 8 580 217 960 1088 856 58 464 -188 299 99 -142 53 170 358 -291 -264 -242 384]
[313 -176 385 -342 -318 202 -315 548 3 382 30 1226 117 -20 308 -235 -298 219 341 -256 35 -320 -153 -653 -983 -849 1 372 352 -931 -670 -5 383 49 -384 -413 -242 -307 280 -180 -154 115 570 766 -490 507 -401 -567 62 -16 144 -103 -146]
[259 -72 129 50 415 -350 939 -638 -200 88 -588 660 -451 217 -274 153 292 362 16 -450 -557 -3 880 -279 160 -189 -208 407 -77 203 -323 408 110 -34 -187 44 -98 -159 995 344 -618 112 98 -42 257 -298 -207 583 234 425 -373 -18 -167]
[379 -277 -268 344 -796 -274 -31 653 -145 -412 310 -450 225 -308 -345 -276 -335 -584 -595 79 312 -102 347 -192 -35 837 -524 920 -284 -445 -218 226 850 -868 -69 -230 1192 709 676 386 -301 143 -414 -266 -389 -327 -84 446 -100 -219 -265 87 219]
[38 -599 3 9 142 -480 -420 3 -153 -289 152 445 -151 833 281 95 97 737 154 -129 98 165 105 178 407 -525 -226 -280 201 336 322 691 263 310 -99 -263 -743 188 -251 -909 -381 -188 400 189 102 117 71 448 205 315 591 -124 -202]
[-150 18 232 -361 173 -109 207 -261 -427 162 38 -447 212 218 -419 302 -718 553 -384 551 285 -501 301 -423 33 -346 372 -460 -546 77 -767 139 -293 539 225 -166 -901 -112 -298 -514 -41 243 -585 -119 -73 668 361 585 -646 320 428 -204 339]
[266 -322 235 932 -182 -380 -681 811 -235 -100 422 212 311 -285 -30 -309 465 -551 100 333 12 -176 -456 2 -779 -13 248 662 -74 -618 -161 -952 -258 24 -713 -826 568 -799 144 516 -103 -177 479 692 -467 -416 -366 -332 247 127 -179 266 -91]
[-611 -434 -397 349 363 -151 -125 -431 -149 -190 -210 -838 339 383 158 -424 -172 -88 -607 685 916 -190 139 300 365 51 45 145 -182 -741 -376 704 161 3 -50 189 -82 -273 -1136 -24 -155 -737 598 189 11 -131 354 79 -136 -614 213 435 -300]
[211 397 296 -24 -82 524 227 320 -55 75 68 121 895 350 -248 -171 119 682 -381 443 -128 -202 47 50 210 -71 148 178 -227 80 -579 -124 -53 371 416 -604 51 -188 -200 293 535 508 361 -306 -262 402 -231 -368 -10 -192 397 20 4]
[223 -178 -1100 -405 -343 164 -268 1062 330 224 18 120 -660 -160 310 62 -728 -721 -532 -335 -462 506 -206 0 -575 -175 132 137 643 424 353 718 414 -86 -527 -207 782 286 -78 457 503 196 75 -1107 909 -407 195 -209 266 -1075 -153 250 -128]
[239 -462 423 -469 620 -332 -544 -481 362 66 -576 -561 -269 369 108 -683 91 44 -539 -629 347 427 936 15 740 847 -405 -701 -913 159 -35 805 -275 668 152 34 126 -226 -443 -526 -868 -35 -251 -241 512 525 338 -301 -504 -233 28 122 -207]
[453 149 -357 -491 6 222 365 -266 -514 675 396 -40 -232 -223 -82 106 331 -174 -377 -208 -697 -360 -43 -130 -293 -477 -178 475 74 -154 -652 47 245 675 -219 -1004 183 837 814 877 226 60 160 195 482 -478 -92 368 -105 -64 -213 147 -220]
[-625 -234 121 751 286 52 -435 -616 605 232 264 -290 264 15 -50 574 627 215 37 -20 -726 149 76 298 -203 448 297 -328 393 -220 782 -566 -941 278 552 87 152 -513 -104 -465 186 201 47 -656 51 -51 265 92 150 -40 71 87 171]
[-36 -645 192 388 308 -145 154 -33 -150 318 178 641 533 -183 522 255 -432 998 82 23 -465 -494 -74 -434 -219 -410 219 -164 438 -518 -458 -278 -230 31 497 181 -663 1088 161 -220 60 391 519 -7 -803 346 -530 -7 -540 -173 299 -461 146]
[-362 -340 622 265 296 145 -432 -657 -666 555 0 403 37 327 560 -905 -407 564 20 625 474 6 -464 -37 -121 -602 478 36 206 -161 -243 -124 8 486 -175 -614 -593 -99 734 -369 -1 129 116 14 356 512 -473 123 -432 -545 29 -217 -276]
[507 351 541 -570 485 -4 472 -131 140 273 15 306 -13 66 212 -15 253 -235 -79 660 -671 -107 316 -462 258 198 -168 -157 -114 218 -197 31 -232 -61 385 177 -914 253 320 -503 -491 627 -609 -456 21 -29 378 -114 203 323 78 73 -45]
[-362 374 433 -210 280 -180 398 398 -1167 -281 888 86 183 337 -316 -346 -304 953 120 264 175 -44 -578 -354 196 -1068 -343 -183 -63 222 -254 59 558 251 213 -119 -128 289 29 -296 150 471 -100 -878 -180 503 404 1145 260 -278 255 -2 362]
[341 509 514 -354 -356 635 -65 148 373 -350 542 229 481 15 528 -731 72 27 748 320 487 701 -424 -320 77 422 -114 -391 -844 128 576 -13 -443 -77 185 90 -373 35 -373 -273 568 1147 16 -255 176 674 -75 -186 -84 113 418 21 -132]
[716 -393 28 -158 -597 -385 -140 341 1020 -171 -210 319 383 309 339 -432 -363 -39 -54 103 148 -250 126 -708 169 -15 -218 248 -203 550 -332 1410 145 -912 773 353 206 315 -16 -889 -379 -277 0 238 -604 268 594 -96 107 -179 447 -309 -136]
]