[[-329 615 525 29 5 112 135 -583 896 -333 551 -112 96 554 -404 154 19 -130 -324 314 250 -9 205 554 318 218 -789 -266 142 292 183 -89 352 -395 555 -342 5 -263 375 694 220 557 -340 -2 693 -208 509 116 -108 38 738 -156 -176 67 -495 -153 23]
[139 -582 -122 -274 -693 -116 297 489 -348 -298 200 29 -3 9 -397 -254 -299 808 836 -231 -95 22 726 -1073 -384 -44 51 262 244 -453 204 -118 195 -97 -314 389 -780 71 -215 -170 -942 -445 -37 -27 -709 -473 -73 -386 -62 3 -209 -271 206 184 -13 -264 -20]
[395 522 13 -294 358 418 -326 -105 892 -240 485 305 278 -142 370 -43 -157 -753 166 98 567 167 225 1076 537 -282 -158 75 -77 -779 -297 91 -155 27 150 -736 416 -313 931 54 301 259 -377 443 278 -653 93 -149 178 -691 338 -144 236 -150 37 -51 -12]
[430 490 556 -398 -261 654 -36 290 295 -368 207 -10 -389 257 -250 672 -292 -489 797 -440 871 326 137 65 328 -287 -272 -223 232 -477 204 -508 -155 157 229 783 -516 593 159 264 -231 -47 -811 -605 -14 -494 291 -133 33 197 472 -353 -149 -654 -245 -15 0]
[139 -61 209 276 -469 74 701 4 288 -108 118 421 120 234 -845 -94 565 283 180 -137 -314 -364 704 417 -425 335 -166 282 131 -590 332 -57 429 141 -9 -837 -152 -901 507 542 -114 682 57 314 441 111 181 432 -28 -1164 375 -241 673 600 2 -54 -12]
[151 141 153 -423 96 190 113 -77 780 -152 529 -437 -143 161 -34 -696 98 -607 39 910 -289 -68 698 700 496 -1029 -165 96 -28 702 -256 -59 113 -309 -232 196 213 -695 126 11 13 398 -772 -39 225 -435 156 -527 -488 -251 425 -481 227 382 261 18 -2]
[-418 -72 265 -98 -321 -110 434 316 -291 -718 -800 -137 466 758 80 -999 -171 55 96 347 -536 -737 804 -834 -64 -746 43 -92 616 298 -146 -22 -66 -99 -324 -659 -686 -559 107 555 -471 341 253 -164 150 16 -25 153 -162 -226 485 154 101 641 118 -143 0]
[280 -384 521 -236 -154 302 396 368 -123 310 -452 296 -347 -25 53 -99 236 -1609 310 639 -247 111 171 -400 79 -1034 132 -380 336 -358 148 -379 548 1111 164 -32 -208 -461 218 65 370 -291 -729 -491 197 -168 313 232 376 -434 384 -411 -98 -547 449 417 -5]
[-339 886 -529 266 246 -808 149 -254 463 -591 -91 -320 -134 -83 300 -232 282 534 -9 -291 -7 -589 -329 1169 -450 365 -40 351 -224 -213 12 -267 52 73 -360 -101 220 -62 119 537 530 586 360 101 414 -806 -162 474 153 -175 235 455 553 238 390 358 -15]
[656 -1145 115 -55 -90 -51 -265 -152 17 153 692 -108 -116 -268 29 -373 -15 -564 -24 687 266 920 -197 -375 191 -525 -176 434 -472 -32 -12 638 -485 -109 637 710 202 -755 -127 -848 -17 -712 -734 114 -395 25 0 -342 -395 18 506 -988 183 151 94 -262 -20]
[247 423 322 -98 -300 602 264 398 -444 296 -564 -39 -351 333 13 665 -810 16 -161 -1275 70 -582 276 -169 -673 -316 395 16 320 148 -323 -646 -299 22 -405 281 150 -237 -453 -156 -540 200 731 -513 -362 797 228 -531 -55 229 -252 67 -92 -143 -237 158 -16]
[546 301 162 251 348 -426 624 -78 176 226 308 -153 -1171 -70 -211 174 77 -34 -769 2 -344 -313 -158 505 -537 53 464 220 -388 511 -404 21 540 -120 63 -70 1126 -154 29 -73 14 396 -132 102 210 27 94 -419 -638 328 -6 81 98 852 28 325 -18]
[-84 -121 226 281 269 -323 -536 204 -446 -1118 8 32 645 352 280 127 185 -640 111 399 98 -146 -770 123 349 1 -206 -297 205 940 123 559 -305 -469 424 -732 -206 -113 -90 403 285 695 68 151 -5 205 -257 356 -767 346 278 419 -329 873 -461 -194 0]
[122 -827 -235 275 381 -317 -28 334 -366 406 83 583 168 -291 -572 423 223 -340 -1040 -259 -701 178 481 425 -800 24 294 385 193 562 539 -158 746 71 -358 -433 580 -754 -656 -944 488 390 -84 402 -274 307 -407 -213 -244 -106 -444 -265 -418 190 47 171 -2]
[94 282 -389 -88 14 -344 770 404 -113 -978 -700 -118 -555 474 61 -268 -613 169 218 -537 552 331 188 198 -224 -529 -337 827 658 439 -285 -338 -640 -574 199 439 -27 -231 230 246 -139 535 -1115 20 368 -810 73 -314 -680 346 735 -130 -56 38 -119 -5 0]
[-344 -1470 56 246 -615 -168 587 88 -174 317 -255 655 435 -774 -583 -6 660 513 355 385 -479 382 599 -551 281 740 281 681 199 -626 153 144 140 -199 -959 -271 -347 -689 -319 -226 -268 -620 -75 370 -556 -24 -342 -67 315 -374 296 -210 292 -334 306 -157 16]
[-431 -910 27 -122 403 65 -36 -60 416 158 -399 -368 694 -371 -15 -832 -1 8 463 608 84 299 -25 -505 1047 -227 415 65 138 -297 -884 49 -557 -654 -516 252 -349 -76 608 -67 -384 -706 244 310 -194 -277 194 -710 178 -886 -77 -343 227 -635 43 -434 11]
[35 51 -1096 338 337 -967 -115 343 -896 -50 -1253 754 687 -246 487 -262 287 -15 -275 -289 -128 -412 -77 -41 32 358 89 303 201 -311 747 177 46 463 245 -1304 -105 162 24 29 487 109 186 -27 -551 233 -805 440 -108 -98 -296 1084 -515 296 357 551 5]
[269 456 266 -392 876 27 -427 19 476 269 -107 99 -349 -261 -257 -447 213 -479 -772 -63 257 365 570 -200 433 -142 -245 -576 -67 366 -1 -208 700 -166 471 -269 443 128 589 -570 -446 -25 -234 234 -337 120 -177 -719 -229 -609 -644 -452 -600 -240 -163 -250 4]
[-16 252 470 228 630 566 -671 -588 109 453 -265 142 0 -108 -1056 14 1085 119 -572 -639 -7 -322 183 507 171 117 -338 -269 -470 224 305 -42 -53 -184 -9 461 -215 280 124 -386 157 553 -168 -62 -250 653 -137 401 -358 -726 65 -280 -684 38 -298 -131 33]
[905 -712 -109 -546 71 -377 374 -34 290 24 482 -42 385 -183 -202 221 -539 -51 931 96 141 324 52 -382 721 -119 280 -369 347 -57 -159 -120 211 38 141 -626 138 14 153 122 -653 -601 23 139 -148 -73 567 -1015 43 -286 -355 149 -179 -33 -283 -272 -27]
[277 -84 -792 -184 570 -622 -151 -78 -370 -402 -552 649 466 12 626 -388 159 563 59 124 515 155 -618 431 414 507 -261 409 115 145 86 638 -657 263 296 -1341 421 84 315 305 -233 -372 51 663 -561 325 -562 -43 117 -188 -374 230 -1 288 -11 -172 -12]
[231 -300 464 240 344 38 -253 340 192 -47 478 531 -665 -741 437 243 492 -1501 148 771 647 194 -881 447 451 -508 78 -491 -523 -427 -546 153 -17 384 -435 484 105 -46 434 -280 449 -388 -718 -52 -727 -5 -777 101 -163 -272 206 -630 -27 -117 203 283 33]
[-260 347 169 426 98 810 313 -215 484 1188 -113 -336 -8 387 -676 414 789 505 -478 160 560 102 -239 890 953 255 -465 -216 438 832 288 -137 -382 -106 -138 670 -47 708 110 404 117 676 -515 -431 470 1330 -144 -4 -867 -320 -241 -189 -491 -517 -396 171 96]
[214 245 -104 -191 601 -179 -21 -715 921 -49 425 -143 517 203 -404 -242 -413 262 -397 105 102 564 53 -59 -81 566 -110 -202 -423 -184 -384 -2 329 -1 1029 -176 755 486 686 217 318 -372 240 487 498 -286 418 -65 759 335 137 -205 -368 100 -273 -285 -33]
[105 -883 -529 116 -327 65 41 566 -1008 -478 -218 219 237 217 70 274 -676 -683 455 -271 28 203 -550 -1070 -366 -1034 143 -499 82 -19 -708 190 -750 288 27 -106 49 -387 -74 -299 15 -476 217 215 -160 449 448 382 490 388 -108 462 -740 328 -192 191 3]
[-546 -129 389 22 1 199 270 221 112 -86 -506 423 -660 -641 -142 -75 259 -269 520 43 192 -503 465 -731 11 -390 112 -188 385 -1548 -678 -391 426 197 -515 -205 184 44 902 -68 -740 -697 493 -26 -133 -773 11 -23 393 -697 -370 0 38 -515 96 -110 95]
[440 189 745 -148 283 586 -24 -127 259 -127 98 -16 -116 -46 -960 582 476 161 417 35 -110 217 72 -462 301 57 378 -405 -44 -41 109 57 -261 51 -496 484 311 1146 -226 19 54 -207 150 -150 390 304 -377 338 274 413 -198 398 202 -175 168 -513 87]
[-318 530 117 227 -157 537 -271 341 -216 -77 45 -448 -541 600 -345 241 287 -352 224 312 104 50 -183 652 -636 -449 -820 -259 517 654 843 -114 136 77 -364 536 -463 -9 -350 133 342 1163 16 -413 561 202 118 621 -168 120 -504 111 -76 -293 -6 -125 112]
[-491 128 -217 -303 -400 -76 -71 -667 -384 -488 194 175 77 169 561 57 -907 1406 312 -138 -299 -1371 138 -658 -472 385 118 270 -156 184 -755 83 -71 -381 -387 -39 320 496 -588 617 -406 -519 746 -71 -603 -25 27 -283 141 1084 135 490 457 208 -264 -353 -3]
[-82 84 622 -64 39 -204 -188 172 312 545 165 344 -87 -459 150 1249 -129 -494 -610 -317 628 328 -776 325 312 819 103 -371 39 806 -214 -275 499 -111 -246 62 456 448 -225 208 -303 -161 120 -38 -323 1012 -103 -531 251 578 -381 -193 -625 -23 -575 -9 3]
[203 -467 -403 -334 -755 327 442 -293 170 276 -213 485 442 -410 862 -530 -819 56 478 742 -209 -588 865 -343 767 -416 537 99 -165 -1104 -207 215 -421 357 -403 -247 -145 -680 -19 -37 -337 -664 575 -555 -224 50 -113 -483 396 -281 270 203 413 -306 338 -127 63]
[-314 301 -496 -83 57 -101 -455 51 -357 -474 326 -416 400 82 300 -446 -508 -185 252 -76 7 119 349 162 36 -142 -890 273 -456 645 24 -35 -442 -757 597 322 -192 -926 -247 -366 84 448 -547 -126 -367 132 173 -478 -920 438 315 -482 -351 610 124 302 -74]
[334 -345 -77 -20 106 788 -231 535 -482 744 -135 307 -401 110 -875 1333 50 -563 -148 -466 -412 7 517 658 -331 -830 399 253 12 609 -127 -437 231 -384 -506 449 197 33 -582 -664 332 615 -548 -295 321 659 292 325 -279 141 -603 347 -55 233 -80 -264 -98]
[394 407 -656 297 -1 417 348 62 -22 155 14 926 -377 -132 -30 479 145 -393 474 -247 351 -79 258 922 -796 -326 -134 435 -245 -108 500 -345 474 678 255 480 -154 338 -58 -351 638 472 -496 -154 -654 -227 -695 562 -226 -93 -349 -417 21 174 232 269 -35]
[39 390 118 -208 -433 633 -648 420 -99 -460 366 30 132 -583 81 82 602 -86 546 -26 249 -380 292 43 579 -352 -75 -40 114 309 -41 287 -419 -92 -1003 830 -33 345 -504 -166 200 -83 -310 -537 -514 384 -593 -259 -876 451 -150 388 -445 -3 165 318 81]
[12 540 -858 373 -304 -218 806 1059 -1014 307 -976 -384 -848 -149 823 -7 681 -200 359 -17 134 -285 -453 285 248 -78 658 -763 -14 604 -192 -402 53 335 229 488 381 506 -199 491 -3 900 163 -697 -98 680 -720 542 -775 42 -930 940 173 426 528 601 4]
[-340 -1230 -47 538 -151 -470 357 494 -212 -205 687 451 -41 -154 -828 1288 -52 244 649 424 375 420 -1024 -734 157 830 327 -93 -300 -521 19 128 95 -97 490 469 -449 198 -501 -194 -350 -558 -205 -66 -76 -89 261 154 213 -160 -59 -294 -20 223 -464 -6 -10]
[-196 -652 107 413 303 163 300 -207 -448 -547 -517 -277 450 257 -626 -116 390 -303 534 76 125 -509 -71 -156 156 -768 -141 80 -96 66 0 -49 -834 -389 -766 964 -273 417 -14 324 507 -223 -442 -171 234 671 77 523 -173 -152 719 -45 178 666 337 -332 44]
[-302 -665 754 -315 -476 -5 -124 -409 443 255 885 366 322 -418 -274 207 613 -256 441 979 -674 437 -355 1 323 402 250 -381 -383 796 -142 99 705 -320 -220 314 -264 200 -983 514 244 -442 -299 92 -226 -29 151 -105 341 220 -190 -653 -104 187 -189 19 64]
[-400 249 -549 68 -530 -470 598 -119 -492 216 -192 507 -391 -361 211 -264 145 345 447 42 -206 340 328 -141 -323 834 -374 50 -213 -1145 195 110 431 -253 124 1 -663 144 234 226 448 -293 -423 -92 -143 -537 274 178 154 538 302 -232 -435 -72 361 417 98]
[148 895 -281 -989 286 -412 -70 -82 629 81 95 84 -55 235 50 -45 -482 -631 396 226 262 -24 601 869 280 -544 -332 352 615 1137 162 -889 323 -106 329 275 306 234 -221 -117 86 103 -474 -469 20 -306 -11 -679 197 675 -143 -233 -156 -531 239 282 6]
[-8 346 429 -97 -217 1449 -301 772 -387 498 -504 -33 403 482 229 275 -123 441 187 -299 127 -313 189 -775 -271 35 355 -25 223 -669 -497 116 -845 418 -272 3 -81 1624 382 310 -413 10 402 -159 153 814 -168 146 330 417 -735 749 61 74 -107 -87 -38]
[-118 655 563 119 511 -673 76 -469 705 -415 -187 20 -421 -405 -31 53 641 -589 -715 -252 558 -694 -474 461 449 -231 41 -173 -8 -108 -200 -131 445 -4 -180 -614 597 -598 279 301 275 129 4 -561 29 -654 -4 126 -385 3 997 354 -451 346 26 -90 49]
[-737 518 102 -222 -257 -255 31 -395 -155 353 -615 288 -125 -185 453 53 288 -556 105 36 -362 -783 -392 18 -202 476 -690 -210 350 665 317 -20 874 91 442 -123 -106 -947 -127 730 188 639 84 -331 -88 119 1204 62 -156 -486 -273 247 -76 -302 -263 299 106]
[365 639 -398 -361 -271 583 144 326 -46 -192 236 -313 -436 -220 -651 -161 307 229 -8 269 -697 238 91 204 -7 30 -66 574 -614 463 80 495 -40 -588 197 473 167 -59 500 -165 -130 707 -269 461 904 283 -10 154 -303 -363 -456 -82 728 559 205 -534 60]
[-710 505 -840 -414 291 -595 -189 -109 774 -338 -410 71 204 -738 7 -268 88 211 -52 -300 721 -8 809 467 333 294 -294 502 273 -685 -397 -483 129 -752 -303 321 359 49 464 82 220 47 -462 -168 -104 -513 -108 -220 373 -40 -155 202 -485 -716 156 230 47]
[64 396 271 -63 200 36 -254 -315 914 416 -278 -767 -77 213 -373 -482 -37 655 -615 -334 -39 -228 184 789 395 -214 -82 109 -333 18 -158 -170 -583 -237 -243 -87 -72 -125 -235 -335 -72 704 453 -266 565 -640 186 59 -117 -379 110 487 -240 -251 -228 -312 -91]
[473 -37 -44 -446 -62 364 -845 487 -353 -929 188 267 429 336 111 -111 -748 99 857 -388 473 -101 525 -14 -452 -865 84 -302 12 -582 -116 -111 -759 -228 -163 315 -609 99 245 121 -419 -10 248 -460 -393 -651 180 19 114 -98 -71 -33 -126 118 -266 -720 236]
[-440 850 189 579 230 -505 155 553 101 -1133 -333 -9 156 136 354 378 213 55 120 -522 496 -156 378 596 -342 408 122 -454 166 -245 -239 -273 -52 -258 -356 -457 49 -147 -5 186 -95 459 436 -218 370 -211 -613 610 384 -76 -31 719 329 347 203 343 137]
[96 -174 307 -96 -938 232 345 -246 232 37 621 482 257 -602 -53 2 161 230 852 -247 181 97 90 266 550 383 -598 476 -320 -908 431 63 -295 302 -221 95 -653 -504 455 268 -214 234 -603 293 582 -340 304 -27 355 -330 748 -69 675 -127 -294 -194 -100]
[208 160 147 546 132 39 443 -97 -174 -198 -595 805 -20 430 195 270 -532 -300 -738 -417 316 -427 -64 824 75 -14 -138 290 -9 363 70 -248 -214 -391 -58 -912 -503 -429 33 533 -76 960 -405 -262 12 936 155 -562 -170 -273 290 -54 -206 756 -569 92 119]
[51 146 290 -167 -148 754 -356 -27 523 -378 209 483 396 -246 575 804 -663 -741 -169 -470 971 506 34 -25 292 -255 -376 -198 -62 -606 -25 -23 -723 -244 -440 -185 302 -589 -377 -13 -48 112 -246 489 29 725 -45 36 638 116 997 -495 298 -452 116 -94 12]
[70 -26 -112 -19 -589 -173 1079 257 506 -585 197 -433 -96 -43 -104 20 496 99 1188 597 48 821 36 -72 167 413 221 346 76 -51 -296 -39 380 -411 -239 200 -227 -133 407 698 -153 538 -78 -101 -59 -907 427 -119 -93 -105 309 328 880 -63 221 96 -127]
[-577 -43 566 -139 -381 502 699 38 567 508 -595 40 504 -66 -147 -553 543 -202 16 908 145 -226 576 -521 636 462 -25 0 473 94 -616 201 307 -470 -179 -434 -192 73 578 390 -518 19 626 349 43 -104 465 -619 -4 -647 -405 -193 -525 235 -254 -386 326]
[-126 157 517 3 -382 -47 -292 478 51 -624 -752 -400 -501 34 240 778 811 -638 -463 -212 -164 -77 -305 -254 -620 -538 430 -380 225 300 37 -570 253 862 205 264 523 -107 -654 -29 417 256 17 -875 883 142 93 943 87 491 282 -135 -462 -404 258 195 260]
[-298 -79 208 379 457 -1229 -62 -415 620 -518 410 -228 -543 -313 -226 243 271 -340 -457 744 -10 179 -614 412 -178 648 -17 -335 442 -72 257 -231 980 301 587 -247 493 -90 -252 -142 -35 -394 615 213 -155 -731 181 -580 285 501 156 -197 -492 -375 -222 330 -113]
]