[[-587 592 -134 -240 -76 -258 -310 -165 812 -234 -60 -109 -49 471 -114 469 211 -117 10 712 -532 -470 -185 86 -50 340 -108 26 171 174 -844 467 917 151 497 -663 -141 353 -215 -242 38 -112 -165 630 1048 547 -19 -371 -47 -21 78 -289 -71 0]
[25 -527 -543 -707 -463 208 206 71 223 -21 -510 581 960 12 -229 -403 121 -310 700 -214 818 668 194 439 -189 416 91 344 -471 -623 760 -280 -458 587 290 737 45 -123 190 -70 284 -195 489 -701 -441 -111 436 170 -439 216 77 115 69 -4]
[176 283 -544 -993 -89 -148 398 796 370 300 123 540 297 599 21 -15 376 181 738 988 209 119 80 -510 29 58 -217 798 -189 -108 -152 443 1031 618 183 -78 283 418 -17 -697 -228 -347 -99 -231 626 702 423 229 -12 -23 38 -248 30 0]
[273 214 -198 137 -121 -46 -272 -200 39 -68 -465 724 285 -716 -209 196 -857 -506 -368 -156 -329 -105 45 247 -467 -120 -300 -617 454 -928 -127 -204 -245 -532 233 481 -457 -142 165 17 374 351 448 198 -352 305 116 501 220 56 -352 51 -176 -4]
[-127 -611 -244 -52 -195 70 -332 -14 573 368 -674 -354 597 -608 561 -88 -53 -888 152 -391 -145 -218 10 1019 11 -191 -35 -704 -562 -573 389 419 -118 71 -383 781 -465 -143 700 -243 537 -330 1117 -230 217 -5 -238 569 -300 -280 205 166 -32 -4]
[-234 184 -361 53 373 -690 550 -229 593 -352 -424 603 -256 229 0 -7 421 1295 563 -89 363 -193 12 -457 48 593 72 859 -179 572 -501 450 -293 197 525 -671 320 369 -235 -21 -341 -37 -555 956 426 546 219 -568 572 205 339 18 94 0]
[157 -168 -139 66 498 -147 -566 210 239 -514 -299 -269 -91 -347 -176 -218 54 302 192 -275 -6 -281 -532 590 960 314 74 653 -535 159 53 893 -457 -127 33 159 126 562 383 508 -143 -435 -299 304 271 -273 -583 11 316 480 185 422 354 -20]
[302 196 517 -771 -36 618 -736 418 -835 211 647 -116 538 -307 272 -110 26 593 -104 36 -72 157 406 -223 -234 240 507 133 -221 -338 393 -392 -188 -675 -505 217 385 -22 -459 -308 572 -456 -191 -830 -573 -205 662 489 -360 397 -255 77 70 0]
[-416 -163 345 183 -16 529 -170 492 613 -27 -305 -256 -34 685 -274 628 -161 -671 136 536 141 -184 54 109 851 -210 -70 166 -541 404 160 1228 502 112 -34 629 -348 323 729 417 -746 81 -2 497 747 -754 -281 -556 -289 23 162 -137 181 -16]
[168 -226 -660 -272 -148 56 544 87 -211 -96 -176 -452 -58 -372 -292 -355 597 483 111 -273 661 430 200 370 225 64 213 652 239 -118 352 -721 -488 700 -785 -679 322 389 -155 63 0 286 354 -161 -98 308 397 -198 -101 211 -232 94 -24 16]
[-781 -255 557 -140 -183 -186 167 -338 961 -309 -366 369 373 99 -135 435 -157 -144 -124 267 -144 -545 176 -622 -781 1028 110 -244 69 -758 -278 -491 127 -416 560 201 -40 -97 506 -183 66 728 -23 28 -33 -299 202 -99 75 5 -272 -214 -146 -4]
[-21 610 51 -183 -2 454 -999 630 -675 -111 347 -1109 -208 173 -448 41 -272 79 -145 -570 292 488 3 117 234 -654 672 -101 155 79 433 -200 -147 -78 -590 -186 -40 256 -117 -63 500 -695 183 -472 -158 541 -172 194 -13 450 -113 187 75 -4]
[-376 431 -244 -719 -810 89 180 -201 332 84 -90 242 562 1436 -720 334 159 -409 735 615 531 1104 470 -573 -357 -367 100 177 370 295 249 604 11 -47 397 -18 -487 -200 -91 270 -301 -476 29 -276 202 -386 60 -475 165 -396 320 -353 62 -16]
[289 729 -93 -184 -99 -357 -96 -171 -117 -39 11 95 69 329 2 -69 -136 -450 -143 -108 -299 -75 106 -647 -583 -208 -140 -667 696 -437 -3 -134 -578 163 -201 -570 -518 -640 -512 137 432 763 -396 87 -696 -347 -277 637 321 -605 -219 -210 -269 -16]
[-750 338 -215 144 -217 50 -561 723 -498 -579 226 -384 -579 -43 -423 514 -543 -265 -407 -121 17 183 -337 -312 -18 -312 -264 -19 365 -513 372 -288 -260 314 -249 -362 81 -521 -126 45 -444 748 -422 -414 -184 -459 140 -366 -410 231 -415 -210 -232 -16]
[1060 408 204 63 576 -106 -556 652 398 324 40 492 -730 79 229 12 -718 580 -35 441 -342 -739 327 -465 228 -511 -101 134 -488 852 -409 824 -108 44 22 -134 -58 487 -110 -72 941 -517 -664 843 169 132 -447 323 169 -419 122 -18 173 -16]
[-435 11 -628 180 -115 -334 554 -718 -434 -417 135 87 133 -392 -30 182 536 289 -106 -756 623 164 96 342 -177 355 55 128 2 -910 809 -915 -651 553 147 416 765 -538 -128 -235 262 855 -141 -544 -341 861 352 -112 95 779 -227 151 -110 16]
[413 372 -416 -169 210 -556 -296 458 -896 207 288 359 -375 -393 -184 -490 -116 1229 -7 196 223 -716 -145 -432 -621 65 -101 -188 157 -333 -251 -168 -442 -947 293 -263 900 -437 186 -324 161 -449 -349 -903 95 216 -76 134 695 231 33 345 -15 0]
[-349 -442 109 -37 -256 29 854 -1035 260 576 267 804 571 -258 527 -81 -6 -132 -839 -31 -82 387 -111 17 -193 588 349 94 -251 -450 200 -366 -41 -532 -298 805 31 -185 191 -654 381 -75 324 -100 -464 50 393 292 133 314 -375 -89 100 16]
[-349 -51 402 -30 616 -11 -932 157 -498 -171 475 -960 -361 2 879 78 117 567 275 -533 -627 719 -32 278 -5 -654 -58 -242 -607 539 148 -254 -69 -24 -63 -316 -327 -435 -1116 52 -49 -293 254 -736 -622 -604 20 186 -830 -357 33 197 146 4]
[548 46 -23 325 647 -308 -202 -233 594 -74 -246 -646 -160 -574 70 -580 293 724 -243 -118 -56 -114 -794 407 385 279 39 282 -589 335 -117 -188 -366 620 78 -426 477 996 -122 205 232 200 -126 324 -222 -564 -724 219 -202 -132 -188 443 7 -3]
[1245 832 -380 -17 30 -265 319 52 -230 208 408 -412 103 -151 107 -297 1117 294 -315 -94 -322 -729 0 -565 -58 -60 -102 -413 589 52 -298 325 -205 -72 -335 -910 708 45 -212 51 -356 439 -257 546 336 789 393 646 695 -283 -162 40 -209 20]
[557 680 -430 -203 -660 397 -1067 373 896 -88 -653 -255 103 602 -1092 437 -411 -906 11 232 329 406 78 512 203 -589 -450 -605 323 -388 99 699 -523 46 237 482 -260 -111 443 376 478 446 -23 80 370 -307 76 102 -130 -187 127 -94 -202 -31]
[-384 819 152 -228 257 20 246 656 225 489 233 568 512 407 -149 207 77 -338 -201 474 64 144 -358 -806 -357 155 -58 15 -318 -11 -319 118 868 -346 542 -16 291 83 115 -147 -537 -153 434 -185 220 -191 313 59 -109 313 193 -5 -112 75]
[526 -259 13 924 -389 -357 301 210 -531 -274 508 493 -912 83 -725 -503 -453 -51 -476 -509 -143 -640 -375 -889 -64 -177 -58 -412 653 -27 -420 -981 324 -166 818 64 -135 -305 393 -174 16 -248 -587 -66 -324 352 -396 74 578 157 -451 358 228 26]
[998 831 -682 272 87 -286 -1079 1023 346 -317 241 -237 -427 88 -46 209 -475 -843 -101 612 -436 -255 -1094 104 -196 -1027 -1359 -30 652 202 -701 645 653 623 438 -57 349 -176 -351 -65 75 -155 -6 -225 538 276 -715 619 -35 -250 153 -128 -406 -47]
[-280 290 -110 -404 -545 -229 319 -934 873 284 -175 635 -19 613 -468 -583 135 -653 9 262 -382 989 -181 32 -178 624 303 379 667 632 -548 -328 -520 250 305 -812 -455 364 -603 405 464 -159 -294 179 100 470 274 -562 -315 -252 619 -418 -111 0]
[-27 -230 -387 -168 -656 218 -106 -222 1206 341 -116 507 130 323 -388 118 -352 -492 451 764 -29 310 -202 796 586 -487 -656 120 -190 -174 -243 693 452 123 609 1459 -488 1061 82 135 240 -197 54 296 335 -159 -409 23 -467 -55 -48 157 36 -36]
[377 -62 -460 56 -27 -397 -229 -363 30 147 -581 -110 396 -462 864 -539 229 593 47 -354 250 291 -340 -414 -497 291 5 196 -293 -120 -228 280 -972 -233 -769 -284 157 -442 -300 9 -496 380 95 -86 -19 -297 905 402 -93 -250 121 -98 -41 -79]
[722 -111 -449 -982 206 598 -974 906 -210 -257 63 223 214 -198 34 -877 -702 -454 -126 209 227 608 -221 205 92 -177 277 939 -380 -310 434 -94 274 751 -658 316 -598 -127 -422 -322 740 -562 238 -397 -647 36 590 845 -558 725 -556 -394 242 -72]
[-1011 355 131 -297 252 -208 395 -168 605 -86 354 469 65 -192 656 604 439 875 -491 252 -48 -571 312 -86 23 393 -81 354 93 250 -111 481 -670 -778 -377 -331 394 3 -42 23 -343 322 -399 686 650 -754 472 -469 349 520 -254 86 52 55]
[46 163 -384 213 -531 -439 649 -944 -228 -380 -218 274 -208 -537 -444 -163 581 179 -306 -282 -757 -586 -136 -58 -692 226 353 -620 832 -920 20 -441 -802 -712 524 -577 411 -861 172 202 -3 688 -92 147 7 144 -95 -237 951 -220 -5 -155 -103 14]
[-406 -231 -237 222 769 -598 -533 -285 141 -876 -414 57 -320 368 -702 -25 25 720 632 -311 -12 76 -119 679 104 852 246 -28 167 330 -412 150 35 154 1356 -560 70 150 -165 -184 447 -73 -580 28 120 1264 -57 -783 32 414 386 -199 102 -62]
[-45 -780 25 -648 -408 814 262 601 -338 13 347 788 362 754 -434 -201 -533 -45 307 499 854 -147 295 -642 -406 432 481 -63 -337 -8 275 -109 115 -773 218 519 564 -154 847 -494 266 -495 159 -317 -495 314 230 -145 -113 7 -433 -272 -27 -36]
[82 423 -366 233 -194 -475 475 243 433 373 588 630 -568 706 -827 177 -293 44 -306 775 576 -217 -100 -961 -382 -151 -516 227 204 -168 -96 -231 884 -553 625 363 63 149 543 -487 -87 318 223 136 -56 271 -91 -158 592 -76 -851 -269 -9 79]
[-335 -417 -481 211 777 -463 198 -185 123 131 -30 157 -74 207 608 -232 476 -621 142 -388 -111 -229 -735 575 599 468 -319 490 -460 375 801 572 -39 695 -206 420 -451 -922 67 -141 -389 657 -295 -414 -226 -27 -543 48 -131 335 525 -374 -164 -4]
[-398 286 504 -278 515 257 -171 422 -819 168 573 -234 -124 468 974 -207 -110 295 83 687 198 -389 -534 304 415 96 -221 21 -336 437 -339 861 900 -210 64 451 155 -413 59 -307 -962 -400 -2 -497 282 -754 142 -253 -147 0 -176 -40 17 27]
[-181 300 -1050 205 12 -450 -68 213 414 -155 -590 696 148 -152 244 232 -400 -484 348 -667 198 151 -692 819 111 -48 -313 392 -170 -473 -338 141 372 708 325 129 -246 166 -194 -45 212 -4 466 -98 384 836 69 -161 -306 398 223 57 -201 -150]
[-461 -309 150 -162 -281 -178 -235 44 315 -768 -216 -37 -73 199 -544 771 -558 -92 30 442 573 155 111 -511 125 -272 -31 351 836 -449 -419 371 94 -300 -353 90 -712 354 498 114 38 -309 -66 550 320 15 -11 -376 412 142 -549 -383 89 -91]
[-158 -218 -301 443 680 -280 374 539 -868 -220 380 623 -526 -501 -149 -1 -931 243 -163 -625 112 -4 117 -771 500 -368 -478 652 20 82 316 941 113 -147 -426 -257 225 262 257 471 -1134 635 -637 1009 -380 548 365 89 523 495 -146 -470 -1 -58]
[947 -499 -288 -439 -284 79 315 464 7 -245 -200 13 3 206 -350 158 22 494 249 348 407 373 492 -587 435 63 -157 983 -62 -367 444 589 -847 391 -200 892 328 417 180 -9 204 331 -860 -393 -561 -1099 25 240 77 160 -327 148 232 -89]
[-134 -393 569 450 137 -668 422 -518 1176 -127 -57 -1127 -1147 465 389 793 679 203 31 -318 -460 -478 -108 -5 231 -439 209 245 328 652 -328 350 78 328 -553 -314 -511 98 527 -440 65 -63 105 185 656 358 -657 -323 776 -439 137 -1 109 66]
[-150 -52 -316 -605 41 -68 -186 721 440 95 -562 869 1148 -54 747 -94 497 -78 658 198 -157 -215 -35 -140 86 -184 -29 271 -397 -13 -76 1453 641 375 106 148 -81 -119 -211 -425 213 -1183 164 241 732 -893 274 372 -244 34 411 -183 -247 -92]
[378 -755 346 -54 70 -657 892 -302 579 -322 686 698 -812 359 -228 -599 183 290 -65 59 655 83 -211 -494 497 848 186 946 -515 519 444 -431 -537 453 380 494 409 219 186 168 211 28 -737 -42 -602 293 134 -73 592 341 -1 -172 622 103]
[281 338 -122 153 -584 85 388 -615 324 207 -377 805 131 800 121 68 -104 -310 -273 537 -232 -168 -91 -492 -549 -350 -512 -673 634 -214 -828 231 -287 -147 94 97 -474 -781 -117 -38 244 430 -510 418 45 -763 477 -309 -259 -217 -481 -301 -94 -230]
[249 895 446 149 -394 471 248 460 -125 -157 95 808 908 743 -320 527 -98 -632 777 503 226 407 -294 -360 -416 90 -214 111 517 238 -194 372 1483 664 613 196 -306 -136 -533 -204 -236 375 -560 499 -144 36 485 -113 -295 49 249 -542 -595 -209]
[313 126 -49 311 -442 162 15 348 -127 22 164 854 -358 11 -275 166 -283 -215 -19 630 -19 613 92 -803 683 -714 -755 314 -28 130 757 541 -366 325 312 297 46 69 -57 490 -176 -183 -807 -205 241 -173 -14 -444 -311 10 167 -54 316 -12]
[31 -226 153 118 -239 505 238 116 689 -294 -514 47 211 545 -282 -160 -26 67 227 70 436 488 -410 399 560 529 396 939 443 233 151 -25 -425 48 -456 333 -570 680 7 407 -740 699 -270 878 -452 -960 -378 -185 -45 263 -465 115 35 316]
[-564 -371 -635 128 -186 48 -162 116 435 -608 -1116 830 96 -298 -356 446 -269 165 413 42 -98 -459 191 399 336 669 -551 283 -3 -572 -282 221 -161 55 871 15 -849 -68 -175 217 -933 865 364 810 99 -354 426 -212 -525 517 -461 109 -165 187]
[234 378 -275 241 117 454 -718 604 -1194 229 -317 272 -432 -411 184 -461 -765 580 -21 -564 234 -414 180 -349 -253 -269 17 -281 63 130 169 -233 -455 -349 -781 -282 -722 -541 -532 -6 296 153 16 438 -50 -170 342 -79 -81 264 -201 -218 -118 -146]
[176 -127 196 867 -89 921 -231 207 -951 231 -339 132 416 82 -64 63 -452 -841 -548 -573 159 86 -335 866 -6 221 17 -808 -211 308 76 -205 246 -354 116 322 118 -831 206 -105 -71 -40 349 -45 -251 -104 96 -322 -107 158 364 -195 -814 130]
[161 182 1 -65 -528 591 -31 466 -557 -699 162 490 443 700 -971 181 -453 -381 -181 31 307 156 464 218 270 316 -151 -14 909 -711 -5 -225 57 -16 567 1461 -34 -108 -34 -155 -318 32 65 -560 -519 439 999 91 -326 1149 -493 130 -181 -5]
[526 -764 -275 353 96 325 641 107 27 102 521 592 -191 39 -157 25 160 553 -309 -192 529 13 195 -461 -41 24 -188 544 -237 -182 271 -482 -708 248 -411 253 1202 52 221 617 311 387 -714 187 -498 -456 112 -200 -147 156 15 -311 203 92]
[17 226 -960 -408 477 -374 -744 308 9 -681 -469 -355 111 -620 -49 -50 230 364 -141 -641 714 -889 -214 343 -225 493 342 522 -8 -870 306 253 -1155 -296 -529 -446 264 -357 553 -172 726 -10 -75 -536 -109 314 -405 184 646 461 -256 -276 16 -239]
]