[[260 22 165 -588 279 18 121 19 -372 -691 10 -300 -211 197 196 215 108 -603 -629 -79 334 -86 511 726 757 -4 79 -96 156 -397 -16 218 -339 50 -12 -629 134 397 247 -241 382 -162 -336 99 125 -196 -788 -346 67 133 7]
[-218 366 554 317 -88 -740 -138 -166 -5 408 149 -221 -552 -202 378 -224 -235 -688 549 599 -317 -175 -350 -214 -678 -436 -166 9 721 -148 130 -359 266 -53 -503 696 -168 -415 375 -520 -6 -366 798 -79 495 11 227 141 75 117 -1]
[321 -20 786 126 200 -555 219 -217 -147 -125 -537 -353 -545 177 263 -244 -74 -801 -619 326 120 607 324 302 -17 82 172 -340 303 580 -446 -267 -101 -111 14 -225 261 -3 -293 -808 614 -36 840 -419 664 -148 367 -103 207 257 6]
[-490 -499 425 714 -97 -124 -171 -463 -290 867 273 103 66 411 -185 461 -357 -273 47 -127 -185 417 680 -470 556 264 324 64 344 -126 -686 -376 126 346 496 16 -167 -70 -656 833 -81 6 427 308 -56 246 28 54 -263 -104 0]
[94 414 -393 784 687 449 -559 92 -172 300 252 475 233 -466 191 581 -432 268 139 -607 42 25 -12 25 61 804 42 772 185 -439 90 -981 593 121 -263 -191 -385 472 248 606 -376 319 687 488 -832 193 -255 184 -263 -104 0]
[501 566 -748 603 -142 -3 -647 -542 -305 392 5 -135 634 230 -289 614 -318 -129 289 318 -378 -72 -183 -1240 541 332 -463 380 108 -586 705 -1007 315 565 294 181 -326 147 -9 517 -235 508 -247 90 -565 233 418 226 -569 -104 0]
[1417 492 -653 -152 57 771 -358 155 -360 -425 -67 -19 529 -347 -755 458 -403 513 -138 -300 207 1 -313 -404 645 114 -21 -203 1 -450 893 -271 613 49 449 -1130 53 198 415 167 -560 -143 57 184 93 427 -275 10 103 133 7]
[-303 -696 502 548 607 -955 531 -408 -99 189 773 -486 -659 60 487 -154 -270 -534 479 439 20 187 422 -119 40 -232 -73 -131 234 -467 -1115 494 -322 -42 22 682 -375 -395 -300 75 474 -351 -282 -71 28 -31 287 -220 -791 31 -26]
[-208 342 401 -892 -860 126 29 -77 -18 -206 474 85 -405 153 111 -380 82 -168 92 -161 477 227 -677 359 -402 -389 -229 -403 60 337 580 139 249 -304 -378 288 410 451 637 -549 673 378 60 -242 131 -180 -293 -129 384 82 25]
[-505 491 -274 273 579 -60 -299 11 279 -8 -806 -71 -152 -406 411 245 443 -120 3 81 96 -221 -302 448 -495 653 -160 -100 -369 265 346 299 -193 -195 -178 199 301 -608 300 -101 -197 307 222 -681 -43 299 351 157 -272 109 -6]
[-251 -437 -52 -18 -352 1240 -655 398 145 348 -169 949 383 -88 -197 916 -423 641 -365 -429 -35 619 22 146 542 113 584 312 -128 -146 -649 -280 371 241 429 -786 106 114 205 -7 -118 -334 448 -214 -55 168 -382 138 760 -81 20]
[-244 245 -221 -64 121 169 -595 -309 248 -242 -15 -675 12 -64 815 86 89 62 135 422 -125 11 -251 -235 517 408 -186 933 -445 -330 -12 -457 302 -233 -565 177 181 57 911 -395 233 261 -16 -738 -512 453 187 66 -454 299 0]
[1436 1275 -323 404 763 -211 88 -162 -411 -876 -730 -8 268 -285 -310 290 40 -86 -94 -477 47 -119 -199 9 459 41 -412 -932 67 137 166 387 -194 -539 466 -466 496 27 -306 -338 363 281 -90 36 364 424 52 -48 -350 -16 -7]
[-288 -206 174 113 51 -439 408 -190 -145 27 737 -307 -441 587 68 -206 -36 -893 711 578 77 -360 -102 -221 -85 188 -3 -874 1024 -322 840 713 -385 262 394 355 29 -513 400 189 173 613 -392 65 680 -244 424 -157 -313 240 -12]
[281 -89 -442 -259 747 485 -342 282 101 309 433 -192 -623 -653 167 3 -545 726 447 -606 949 276 -541 588 -300 120 11 69 -827 -615 315 409 278 18 -287 -966 97 481 73 49 -548 -355 -85 -193 -701 490 -609 113 -407 -4 0]
[930 -207 -31 -91 -86 311 -317 475 -58 -332 -142 -411 14 -208 42 641 -264 186 296 276 -524 -64 380 -445 142 -356 153 646 659 -573 -135 123 452 183 260 186 4 -735 615 412 -396 -785 -572 478 -145 3 242 -225 307 212 -12]
[530 448 231 540 172 -327 423 -267 -1293 -255 600 -612 -126 -183 422 515 -89 -773 -103 14 245 258 221 -223 108 -340 -15 -292 611 -147 -86 -469 109 153 497 674 -11 98 -333 357 534 751 -647 523 -479 63 -191 -372 -419 146 6]
[-1240 -47 209 254 -229 -174 -472 9 -35 1159 824 -43 27 -314 724 182 -178 481 -161 -241 524 614 -246 -23 -159 -296 330 618 181 -523 63 -704 426 3 -23 239 -398 216 429 269 -514 199 777 -431 -132 554 -461 44 -254 9 10]
[138 -348 39 -195 -40 -172 32 139 -4 -415 172 265 176 116 123 -88 72 627 -659 -290 94 412 385 90 418 -721 192 -772 -713 -341 -449 553 -380 -976 647 -98 364 -194 74 -430 602 155 -556 -73 139 -49 -142 -53 243 -96 0]
[-375 -525 165 958 -163 626 -730 -140 33 39 737 212 -2 -54 497 -64 -243 21 322 -45 -154 429 -366 -835 249 -399 448 356 226 -352 177 -1122 564 -14 178 -611 -244 430 102 -716 240 547 1033 99 114 175 -124 272 -80 283 -6]
[263 543 -163 560 806 39 216 719 236 -335 176 95 -527 -547 183 204 -615 79 -68 297 664 430 -275 624 -853 874 -91 178 249 -210 91 285 316 -61 -117 419 123 -241 304 -802 45 300 195 -242 -469 -224 756 30 415 204 6]
[-409 85 -456 487 545 528 -186 322 417 43 -175 685 474 -225 835 725 399 198 -924 -221 -335 196 214 446 -296 748 535 132 -224 261 -165 -363 -840 203 166 -15 61 -9 159 -46 342 188 -324 392 -196 -380 443 96 500 -50 1]
[512 -126 -45 -634 -819 -87 -99 -96 283 -246 -752 -12 -82 455 159 -260 322 -619 -328 -192 219 54 729 -51 -95 -533 -356 545 5 135 333 -435 12 -2 -331 490 -248 -91 309 -163 529 -181 3 -709 -62 -546 -11 -826 -158 65 -11]
[-106 318 241 159 -801 -154 182 -487 -199 562 312 129 17 395 22 -21 -605 -843 475 277 2 -70 -207 -394 302 -546 14 166 393 -222 -728 -387 149 194 -154 1597 -287 502 -453 -289 134 202 -220 -121 -329 -41 387 -232 183 273 4]
[-243 460 113 -114 -238 -650 -6 -471 -271 440 6 713 555 486 -665 460 233 86 40 -695 -39 -205 232 28 275 509 -4 -321 -438 38 253 590 -339 -416 363 560 110 22 -431 598 -465 421 -450 43 -200 437 -347 -370 -287 -568 0]
[-682 206 373 -72 328 -434 -446 -207 245 566 -645 129 -392 82 1349 243 -88 161 -437 227 -719 -188 363 708 252 -104 223 -40 764 -189 -614 688 -330 -556 -98 224 344 -224 545 -36 482 112 56 11 362 50 75 526 428 421 90]
[119 -323 173 993 485 -205 -213 -871 240 455 -241 -73 140 206 203 487 -506 -482 680 353 -410 -311 -104 -801 401 51 -265 -315 321 -133 -545 133 -67 132 318 -381 177 -283 192 252 618 157 466 -251 357 480 300 463 -450 573 -2]
[685 -111 -594 146 368 501 -38 141 202 228 27 1077 -38 -576 -268 -166 -702 893 80 -525 415 34 -515 739 285 603 221 -835 -257 -179 -95 294 507 -763 168 -33 -63 215 233 -272 185 -88 348 -76 14 33 131 456 -59 -279 2]
[-115 -973 382 -394 -615 -297 281 -4 -172 -218 -68 566 310 104 -95 -29 285 187 -800 -13 -376 35 464 -312 -490 -114 531 125 -655 573 -170 -180 221 -86 164 -422 -47 47 -89 490 -163 -74 420 44 517 -188 -412 21 372 147 10]
[-199 -316 -14 -454 -477 -538 -311 -579 275 100 -597 -189 -330 648 73 -159 743 -400 -348 43 -668 -225 475 -140 -548 491 -36 -200 53 798 964 181 -486 112 -246 342 -58 -1166 130 4 360 438 -436 -608 119 -630 710 -494 150 -15 -13]
[375 216 -295 420 47 155 712 -373 -146 439 -128 -112 199 -125 -308 -258 76 -463 -89 491 449 -104 -353 -319 -184 721 23 168 -20 549 754 -522 -330 392 -188 -109 -104 1020 -928 -773 -242 1177 295 -227 -411 3 482 343 291 605 91]
[-158 172 -697 255 170 -339 300 -31 -104 503 -60 36 249 -429 319 203 -552 423 -15 441 111 635 -536 -480 -187 358 -409 112 -867 -295 -96 -352 -84 225 139 -256 -60 442 9 -116 -72 869 -442 -1426 -946 615 220 -89 -618 -78 -16]
[511 288 100 -120 339 -267 -221 50 -71 31 371 -711 -583 -31 30 -266 -191 451 -41 191 209 809 -500 -110 -382 99 704 -973 -850 237 70 569 107 -57 906 2 411 -374 -493 -55 -480 357 12 28 528 357 882 113 513 224 11]
[-120 -155 686 -280 212 -163 201 -239 -4 258 432 258 -695 -83 356 -512 -191 157 730 272 -124 12 -587 -16 5 285 119 -29 -129 -177 -497 1212 15 -782 -316 150 546 -451 85 -604 24 -604 61 -333 240 231 123 484 303 218 79]
[665 -439 126 -86 360 -205 -100 386 -99 -486 -394 383 -740 -96 283 -634 -417 -338 -64 79 263 688 -319 618 -749 382 -19 -22 -680 215 -137 -199 -88 143 -147 -764 -108 394 -225 -233 322 100 495 1 -644 -760 -152 165 -320 -471 51]
[-487 609 -150 4 -554 385 -375 -15 -427 453 -230 83 -265 -115 87 419 -450 -545 -157 -14 -28 -193 243 -370 322 -248 122 -596 -387 -317 136 175 231 115 -288 -78 714 -409 -391 -32 -221 -434 -192 -315 87 768 -240 343 864 106 -81]
[-815 82 1003 -6 -396 -398 202 -3 36 216 -9 639 -60 101 -283 383 -24 -184 -217 -141 -201 -122 -16 288 244 -78 -70 439 901 102 -217 421 157 -175 69 23 -175 122 218 259 -12 -313 640 333 274 359 -935 -67 223 -734 -123]
[-1008 -402 -186 3 -708 -84 -239 -408 -177 59 -291 -188 675 235 -720 123 561 -98 -866 606 -280 590 725 -394 -185 182 184 -203 -950 495 -219 -258 -133 375 615 57 50 -742 -539 359 -89 463 -559 -949 -256 -44 410 -139 -390 -337 75]
[337 186 410 -108 -52 -553 121 -417 -135 376 -22 -742 -298 -75 -91 243 22 -48 -474 342 141 425 552 75 -963 220 141 -391 -639 457 209 445 212 236 178 197 547 -519 -391 -394 -256 96 -185 -246 49 -44 382 432 450 254 145]
[605 180 173 -388 157 424 -8 216 259 -732 -86 -811 -495 464 10 -802 -35 164 478 20 -359 -499 484 24 176 -527 320 -487 455 -143 128 802 -474 -1025 -477 -673 109 -493 89 -600 312 -848 163 549 824 70 -145 -297 -166 360 61]
[645 -67 241 -986 -527 -318 13 -87 -93 -259 -143 271 -415 337 -312 -552 217 -120 -166 240 196 241 499 162 -472 -327 97 -1027 864 119 536 167 321 -604 48 -203 177 203 178 9 212 125 677 136 823 -441 353 -53 466 204 11]
[1165 -652 -144 -587 401 -139 228 97 329 -294 -631 -896 376 986 487 -41 408 105 -417 259 -314 -54 496 -312 773 324 12 671 -413 379 -7 764 -888 -168 241 -360 167 3 -3 -232 609 463 -1223 -368 -107 -292 291 -250 -468 -151 239]
[-400 -353 -709 425 -324 161 158 -478 63 664 550 -245 176 11 -36 286 -79 -501 511 599 64 -75 -62 -435 -143 74 -368 -40 -599 -82 -230 -499 -222 866 402 451 -214 -247 190 1109 374 -208 -821 -422 -760 97 171 -566 -619 -17 330]
[388 -78 238 -93 341 23 -199 320 -347 -79 -494 426 -38 -42 149 -73 -163 -153 131 564 -613 -181 16 182 -888 429 -156 121 645 319 750 -288 414 52 -422 87 -255 213 901 83 255 145 233 163 -87 -840 424 255 296 267 -188]
[383 230 318 -108 -278 -97 -74 -331 -35 -721 152 493 -250 156 388 106 191 25 -185 -221 8 23 -413 -308 -355 -930 -405 -717 301 18 230 397 87 -652 355 299 0 -449 260 -322 622 88 -425 -261 741 128 164 -49 337 301 -230]
[366 -228 -289 -783 111 20 417 325 251 -641 183 -97 -336 -484 -693 91 229 662 321 102 63 -97 -97 100 -539 199 -188 246 -518 29 184 698 511 46 -206 79 -272 -322 284 224 -697 -37 -803 387 -504 -551 -20 -159 54 -246 -171]
[501 -281 65 756 805 -333 389 182 146 -182 -232 -219 -150 -111 -200 170 234 334 593 -288 138 316 86 -301 -557 936 91 873 107 839 -129 -230 415 -12 -96 -293 299 -65 -498 339 305 79 584 185 -95 -176 887 144 -344 322 -4]
[-382 -532 115 -210 305 100 -24 -163 -144 -472 22 -271 -231 -620 628 247 572 -59 62 89 -57 -106 41 308 -160 156 184 -518 -425 443 -1179 467 -150 -536 -12 591 376 -507 -59 -376 955 58 -329 -546 380 42 456 301 19 -167 -83]
[70 -288 416 -677 -86 -70 464 163 -290 276 530 210 -168 1 -139 25 -420 303 -97 270 476 -253 -27 203 402 -485 167 -264 359 -621 180 436 -161 -315 382 -12 -444 -291 758 441 21 276 -4 277 116 36 -569 45 246 742 196]
[238 -454 -454 -38 -429 1126 -138 308 -408 665 361 561 441 146 -656 423 -540 -172 228 -219 540 -13 -532 6 690 -173 448 -364 116 -608 -295 -95 305 467 583 -110 -402 623 252 1145 123 64 -468 -13 -39 -106 -223 -9 139 -475 -93]
[13 -45 166 -640 -308 478 444 247 -376 -124 76 468 442 -445 -749 -68 518 163 -278 -483 -395 -358 -290 -132 -91 -169 263 -214 -165 659 -261 -210 -194 -172 214 -78 -177 362 -132 483 -545 -190 -575 916 -153 22 -62 106 777 79 -382]
]