[[-39 -78 172 445 602 97 214 -457 -80 -341 -598 501 417 195 11 -438 26 174 -104 78 22 -457 -254 -434 -192 38 -56 -334 -135 -29 -213 110 -452 472 -491 -578 219 3 392 40 -152 -285 -438 345 -416 283 -1015 -732 255 58 -176 1]
[20 -634 -478 69 -46 56 -123 1000 -518 355 854 -281 149 -95 -258 385 -150 46 -84 76 -269 52 132 38 -208 -641 -11 -431 53 -583 -597 153 319 -240 -152 626 630 -59 -725 -305 -121 -359 456 -27 807 -131 544 279 -336 36 8 -47]
[-75 -484 -606 -645 220 -932 315 288 -133 190 694 77 239 757 366 246 -59 626 58 -230 775 375 61 74 25 -379 -409 530 297 123 -260 -156 379 -129 -795 94 253 565 -956 -5 -65 456 727 16 -9 -16 88 549 104 -20 -112 68]
[-374 -271 243 -505 199 -314 275 480 349 323 1162 -316 459 322 88 646 368 97 445 -627 358 294 -785 -533 216 -208 -498 251 353 167 422 -475 -23 -756 -239 410 -897 658 -263 -43 372 183 -538 277 -172 -68 795 448 -180 -1 0 0]
[191 -105 -403 176 393 -333 158 184 -25 -651 -209 -132 -227 -71 -83 -513 169 53 -511 522 -289 676 468 64 -549 -508 132 91 1059 -575 -115 281 69 -176 175 -287 280 -234 -1060 -478 283 -16 1122 -113 415 260 -270 -180 -142 -150 -28 22]
[382 381 -376 -109 -20 -1138 -22 -758 -121 484 -246 -257 -641 483 1230 168 -683 305 -463 357 932 55 -141 953 675 268 143 38 -2 653 -312 251 -64 189 -192 -106 -79 253 198 71 -218 323 667 -476 -141 -504 472 190 -362 -339 -243 114]
[319 333 290 284 -135 61 -277 -495 445 514 -465 108 -897 -389 851 -171 184 -260 -777 133 488 621 200 740 559 240 325 -162 1 -311 541 -157 47 330 29 559 -511 -334 164 -653 -268 571 664 44 800 -274 422 221 -104 -431 -365 69]
[-178 433 120 -468 234 -740 640 70 514 -52 522 -106 432 121 475 172 303 -104 547 -575 -154 107 -550 700 -561 441 20 895 501 904 97 139 163 -397 273 -360 7 825 8 39 325 -10 -322 -326 -262 -335 441 264 335 -80 245 45]
[-167 -213 243 602 294 342 42 179 133 70 -289 -46 773 -767 133 -119 324 -386 -147 1007 -444 -209 -275 701 -164 -28 530 -784 -105 -207 -838 543 -241 984 187 -74 156 80 282 -553 205 -899 499 875 448 326 -413 -593 -80 -83 -251 -1]
[-354 414 -107 -165 -491 -223 85 -1017 -13 117 -461 398 311 365 668 258 -142 -98 -101 354 362 -306 -397 971 464 629 11 -112 -796 178 -679 466 -469 909 118 168 251 107 -403 -277 -2 -520 125 -548 -612 123 -174 -239 41 -74 -259 46]
[251 -375 285 351 106 -52 -381 172 -242 408 222 -947 -232 -48 362 -296 -136 -400 129 -841 -188 -398 -657 -477 -345 -368 363 -335 196 154 132 -346 -221 -846 335 -288 134 -389 1242 -10 450 -782 -900 -167 -100 220 149 -137 -146 -145 317 -69]
[-851 -473 312 508 227 529 205 209 232 -433 357 671 869 -851 -243 -62 382 -238 -230 24 -1243 255 -116 -174 -310 -313 -247 166 663 -22 -401 79 141 -516 248 -32 54 -73 134 -408 -191 -949 -973 395 -54 586 -190 -627 -247 -103 274 -115]
[22 -734 208 237 573 -512 -249 -946 830 -59 372 -6 309 -371 638 291 95 291 -250 794 722 236 -351 782 581 -106 116 8 93 468 228 -332 223 -378 -242 -148 -1093 -318 158 -255 367 100 -17 192 -16 559 -248 -68 -184 -34 -244 64]
[-155 336 29 263 -461 398 310 844 291 350 -386 -430 6 -600 -454 -453 -90 -240 314 -157 -620 232 647 258 316 -290 92 452 45 -739 -203 -103 401 348 659 -408 461 -110 313 272 -762 -101 205 357 475 309 -100 153 -36 -130 298 -1]
[430 535 338 -168 -31 154 119 -762 462 -231 -85 -308 266 438 -664 241 -355 -5 298 461 139 -892 -816 -186 853 612 -393 -644 -329 210 697 149 -462 66 129 -74 -847 -589 550 244 213 -349 -699 127 -148 127 -920 -76 -119 310 -236 46]
[-365 -167 -377 398 1051 -614 799 497 329 -493 -300 -737 -16 37 353 -451 -131 310 57 -558 357 -19 -8 -258 -636 -434 -251 770 571 326 -409 -11 -42 -561 260 -875 311 508 -336 -66 -261 301 130 307 -250 252 206 -136 500 -204 178 -73]
[115 247 -336 90 -418 -118 574 233 -488 -430 -419 1062 556 495 -233 -205 -376 5 173 -271 -618 659 149 256 -220 -427 -390 939 394 -358 -956 529 337 281 -245 -148 1366 8 -881 -199 -841 -223 -419 -753 390 -490 -306 -384 -408 -179 264 91]
[-366 -52 -297 257 683 31 57 -357 314 228 -349 -133 -65 93 605 -55 531 333 -8 -470 165 -243 -803 -37 -149 -93 -346 -280 -291 -498 425 28 -511 -398 -480 -293 -87 -528 -10 -423 -177 -142 296 -422 369 363 -596 37 563 -92 -448 62]
[-256 -45 -244 -38 58 -338 627 104 -353 -149 25 -20 -289 407 -452 -206 -39 252 -54 -32 354 -404 936 -1022 41 -81 -186 283 22 -546 146 296 -285 448 -516 -583 683 614 -986 374 -637 497 -5 -445 -1053 461 -538 -246 -223 110 302 -77]
[-175 741 289 -32 -246 -715 402 182 422 -470 -303 59 -420 -197 -108 -743 -62 -202 128 129 -115 420 241 116 11 -146 457 1179 726 -530 -46 -166 -41 -202 300 46 -89 510 -404 224 -246 744 113 -625 75 -366 766 -60 -869 -211 288 71]
[-176 -262 122 506 572 66 -241 306 700 143 11 -112 -146 38 133 88 61 255 -43 -508 -190 -361 -752 -577 -269 -174 -2 -143 294 -49 -295 -299 239 -759 -378 704 -328 -723 617 57 -299 -369 -54 525 930 222 129 -81 210 110 2 -74]
[299 -505 -153 -225 27 -427 225 -324 -269 320 1232 112 -300 -316 -56 91 465 -342 222 -273 35 440 443 118 -880 180 20 -263 123 -125 801 -126 111 155 208 367 782 -59 -848 -709 577 -24 216 -737 -185 -130 -389 357 389 115 -224 -10]
[311 -64 152 376 -157 1201 -499 775 -241 152 -231 180 -5 51 -692 460 -125 99 -175 -216 354 -293 133 -419 -97 -20 -384 -10 -1102 -875 599 385 27 -18 -45 537 127 -583 -515 -134 -546 277 -501 -463 672 -159 -192 164 2 693 302 -51]
[-455 356 178 41 225 -934 678 -753 179 -152 -186 -122 583 881 -91 321 -19 -123 589 190 740 -527 -1358 -295 11 428 -406 288 -90 766 -434 18 -278 666 -403 70 -303 349 246 398 262 -306 -146 398 -581 -81 355 -157 -398 -212 -260 44]
[183 33 39 506 -125 26 192 -1221 864 -658 -169 267 -631 -48 -272 -69 -180 -509 -575 392 27 337 334 -281 280 261 -199 188 459 325 752 227 260 -248 176 349 -611 -1144 59 -1143 -234 470 -208 291 -25 255 127 -447 -594 -229 -26 -102]
[-116 618 379 -286 -246 211 106 192 273 111 137 -991 -290 -776 627 86 250 -523 144 -589 -291 -567 -1044 403 9 -44 307 -327 -312 -375 306 -13 -579 -222 -38 139 -614 433 -155 -367 61 -210 167 -323 497 -147 887 345 91 -450 -81 36]
[-229 -436 246 148 1094 -409 -169 -114 12 -88 14 -324 -136 593 129 -54 704 542 -185 -571 456 -181 -174 -615 -545 216 -29 487 158 98 694 -234 110 -989 107 -215 -631 -135 -623 543 235 509 5 -173 219 150 242 23 701 216 381 -55]
[543 418 140 -287 -302 192 47 189 760 355 -593 566 444 313 162 -184 385 -34 517 -640 460 521 332 131 84 161 411 482 -803 -124 -321 -607 509 1176 -601 -117 398 659 899 289 -20 585 121 725 15 465 -250 -367 764 -62 23 120]
[-650 -39 598 213 -216 232 -144 -63 -25 153 484 334 425 -96 197 392 429 -621 -471 677 -515 560 -242 316 -7 -127 -85 -123 625 -245 161 212 -446 -645 30 170 -421 533 -326 -791 556 -142 -28 -111 -555 165 976 264 -1205 -318 -37 -66]
[-112 -561 376 485 589 -450 -727 294 -146 481 544 134 330 392 445 49 -112 502 -188 245 502 -97 -822 198 448 -626 111 26 52 34 -868 -481 277 -215 -317 485 3 282 618 382 -304 -643 -8 445 158 518 285 416 -600 -116 196 -35]
[-150 210 -17 26 424 -317 13 -205 701 232 347 46 -82 73 706 31 -144 -250 -407 -104 -78 893 332 666 -281 84 -624 111 1152 305 763 -36 365 -898 31 -23 -638 -16 -81 -449 271 182 -54 -84 111 -257 513 487 201 -394 -182 -8]
[-39 -234 -637 -231 -240 -606 -19 1155 -483 471 297 -331 107 296 220 707 -353 703 -375 292 131 355 -386 -332 406 -596 -78 105 585 218 -876 -304 -43 -360 -339 502 -570 463 -310 513 210 -246 238 495 53 57 900 36 -578 348 149 18]
[-212 97 202 -347 -246 -482 708 451 219 255 265 -492 456 -212 401 292 -227 -55 859 -467 120 851 -7 41 -322 -383 83 780 585 759 -27 209 -88 -55 169 -675 -236 877 -240 -85 126 323 -380 809 -679 -184 669 -414 -94 -20 83 -75]
[75 -213 -39 67 194 -96 -361 260 372 248 651 702 118 -305 -54 651 137 12 -519 -8 237 259 148 -164 -32 -162 23 3 -304 -218 40 299 942 -267 -1144 110 -744 51 130 -12 -320 460 -289 -1 368 -293 596 -323 -458 -376 368 45]
[-187 102 218 179 -142 432 -794 -73 60 -245 -696 902 -227 -94 -219 296 -89 287 -312 398 -49 -101 1015 363 -281 432 353 -489 -579 -483 165 318 326 -94 103 -10 -60 -418 -640 321 108 380 530 171 32 -141 97 -100 665 445 187 -152]
[88 -450 237 -496 580 -77 -30 -124 -77 326 -38 236 -232 364 34 -784 202 410 276 -665 394 -23 -226 -725 -236 -528 168 77 -407 64 309 -742 -52 -86 -590 -308 639 -216 427 2 -436 693 258 441 -15 -49 -802 565 753 -228 -430 226]
[-186 -514 -497 862 24 257 138 96 86 -409 191 -254 137 -639 -553 -173 -94 15 -1304 887 -238 -520 248 597 221 323 140 -397 -93 -473 262 528 -156 -52 351 629 95 -783 -52 -824 71 -571 618 -251 725 497 -84 -167 -570 40 -375 -42]
[598 -293 457 214 490 -42 430 42 -119 393 696 121 397 374 347 398 217 -657 -204 -275 214 80 -608 -453 -625 -305 -220 -577 683 -661 788 184 -61 -207 -135 3 332 88 -998 -814 449 -553 -297 -342 324 91 97 156 -432 141 -145 45]
[-258 347 -362 -246 -530 225 -10 -405 121 -264 -316 81 -185 -240 -562 245 358 -93 223 955 -615 -27 773 702 736 443 632 189 93 -582 -249 -257 285 405 925 238 -333 432 -947 780 433 557 407 -725 -273 606 572 -87 -255 210 271 95]
[997 314 447 67 -80 622 -116 -151 239 -192 -383 -17 -359 35 147 -11 -49 -216 272 157 559 129 274 563 -215 157 478 200 -857 323 15 -287 421 1125 192 -106 236 -387 -118 368 62 279 -195 -89 63 220 -17 434 516 157 -326 -49]
[-17 36 165 -647 2 -407 175 630 -488 -444 538 175 105 107 107 -303 -15 -399 -265 -256 -560 -242 -430 49 -313 -181 418 -510 921 1 -219 -627 -19 -178 -154 329 309 164 398 -251 547 -648 -384 183 -69 -343 85 678 -388 -653 3 55]
[62 265 9 44 759 -190 351 327 658 358 389 227 325 153 543 1196 7 47 -576 -275 446 460 -258 448 281 48 -244 25 89 -484 103 -81 282 -907 -232 84 -180 522 -507 -323 -315 617 -123 -196 121 -667 567 291 151 165 199 101]
[487 276 -345 -680 -1134 -301 67 -108 -595 -63 -83 324 -420 538 -73 -5 -920 -136 547 -605 285 -1 516 -277 -204 106 -343 581 -238 217 -209 -661 613 127 -311 472 1199 -27 -315 225 -95 361 168 -525 -4 -44 -530 374 -348 149 -120 191]
[551 489 -115 555 84 -122 -186 -167 -31 -154 -947 444 -567 -587 53 -674 -2 61 56 -84 -51 -132 12 -80 -602 536 694 -242 -21 -467 315 106 -88 360 -26 1 -102 -1001 586 -334 -418 583 243 148 430 -532 -327 -419 378 275 -272 -164]
[54 -390 457 -60 523 -391 414 -311 729 -574 418 119 358 29 -460 -32 625 436 643 142 300 867 95 -895 168 -657 -213 833 398 210 862 -186 680 167 -990 -401 -1054 -156 -215 16 -164 369 141 743 -1 393 -237 46 -279 -63 137 254]
[202 100 -304 -257 -152 -32 -327 1 -91 -149 -595 -42 158 -294 -292 -122 382 -38 -81 502 -215 328 645 -375 106 -70 -60 385 135 74 192 455 271 -365 761 -121 162 -669 -570 -593 243 -37 503 -610 45 134 -786 -217 213 -150 103 227]
[-72 -418 -526 405 465 156 156 -197 330 180 -120 -654 9 -136 542 392 -354 5 510 139 -307 183 26 355 -260 -229 157 -235 140 260 -906 876 14 98 0 -140 370 -242 130 -456 -653 -120 446 238 588 -60 -238 -439 -116 -162 -135 -525]
[316 271 103 -383 200 -169 -144 654 -188 -154 369 -166 123 204 152 880 -198 692 198 418 185 233 306 566 354 149 536 47 118 871 -3 364 65 303 117 204 -628 163 -262 475 153 21 519 366 -126 -248 709 300 375 619 395 -143]
[-187 223 384 631 -644 780 -313 -739 -285 -355 -1243 682 139 -662 -16 -56 -124 -265 -234 612 -24 214 864 183 -190 137 12 185 -633 -315 357 -235 -330 1039 337 -564 -332 -139 231 182 258 111 59 362 -652 534 -530 264 -108 332 -370 -187]
[108 145 -268 -352 -637 -394 167 -425 245 217 -77 -375 -118 290 -114 -55 -80 -145 710 -523 355 -469 -214 708 -16 252 -131 378 -904 210 39 -245 451 -63 -198 325 417 -291 48 -1 175 497 630 -1321 212 5 94 660 123 -67 -255 -37]
[444 -40 37 -241 -452 -332 191 -19 -45 156 467 158 61 131 401 -134 -786 85 -353 -160 -60 -570 -181 261 128 166 416 -38 -450 604 -479 136 155 -1054 543 623 231 -208 556 -54 321 -126 -804 -350 281 -1007 1078 119 -323 -201 212 -4]
[178 -677 -17 -238 294 -293 10 355 -109 -46 528 -484 980 133 -527 -403 196 -125 73 -608 264 312 -192 394 80 -799 6 109 55 -220 15 -401 301 82 -390 -103 275 186 -595 -133 459 -355 -216 73 21 608 184 150 -200 -455 87 39]
]