[[118 464 -195 -51 173 380 478 60 30 -56 63 124 -310 -34 -156 77 192 13 -83 -512 714 269 417 -705 154 122 1013 -113 105 -3 -674 833 290 -571 -160 -398 601 -169 -100 187 177 -96 316 511 -61 -141 508 257 -376 -7 529 285 -189 -345 -65 0]
[765 312 199 395 283 -134 351 -117 210 -457 -201 94 -6 338 -192 -465 -143 -439 -468 -193 -985 739 160 -388 970 185 729 -53 177 -412 -197 407 -64 3 -188 -908 -90 237 121 -61 248 -252 505 -154 0 349 227 -329 98 582 493 297 57 -183 -89 0]
[563 -192 227 -684 -247 817 320 188 -611 282 -133 -354 -470 328 114 341 -764 67 -337 -136 489 195 -506 144 -559 -165 -340 -142 -663 -444 300 -865 -5 238 -456 266 -421 -262 -1062 -467 -618 -372 86 -91 -529 342 179 238 -38 -336 -542 -42 -382 -278 -192 0]
[-921 -1 355 329 2 287 320 -145 -209 -839 -195 456 105 -212 188 440 -874 -432 -214 -8 241 -62 -469 657 -170 -265 -194 488 563 -943 291 -375 -84 -143 -222 48 -364 639 -202 170 -169 550 116 -925 -120 975 -372 -169 416 -66 -1167 186 -162 76 52 0]
[202 -52 -617 -747 265 473 383 48 -494 1152 488 -693 63 -277 17 539 355 889 -6 390 -663 -160 -28 307 121 745 -135 -423 -58 647 -375 -240 -100 -240 -294 380 -502 -384 -739 -279 -349 -362 -252 -40 818 -645 17 -270 329 -694 -527 271 87 283 1 0]
[256 -295 428 -463 17 786 -150 190 -1172 -451 -632 534 -502 -93 83 385 -776 -582 -233 563 1414 -16 214 -327 -323 -933 -465 140 -171 -547 -21 -51 -83 -542 -236 357 417 244 247 344 -245 71 111 483 -70 325 811 562 -312 -298 358 -148 -319 -892 -99 0]
[1089 -529 384 128 -660 -187 -718 -24 313 137 -537 -429 -575 231 -172 -618 117 -363 -421 -90 -252 110 187 -660 499 184 151 544 -226 27 285 -293 -655 -892 -247 -445 120 -826 -13 46 -286 -125 -737 -73 -398 -287 109 20 -613 145 837 18 109 73 -161 0]
[233 -50 -20 498 -654 -908 -600 -444 185 594 219 -219 610 491 297 162 627 74 -442 132 -1507 448 26 261 79 594 -417 336 -42 714 -455 111 -324 -307 469 -900 -500 -418 277 284 399 -249 -926 -579 62 -642 -386 159 -253 -401 296 -203 385 650 -65 0]
[366 102 -293 -738 147 183 -126 31 866 819 783 -887 -744 -285 -415 -403 -114 584 620 134 156 -259 262 -334 362 38 989 -192 -119 -63 -455 22 -271 -680 -426 375 -539 -1235 -603 -21 -315 -438 -616 758 -606 -436 -229 -111 -185 -254 25 60 -567 164 -64 0]
[115 404 -60 -184 -373 848 619 -72 124 177 -510 -487 154 -530 -248 -225 -102 -284 437 -949 634 379 -70 -511 -288 430 580 174 -113 -160 329 222 291 -806 -724 -109 159 -584 -635 -249 101 682 -450 -495 -156 326 686 -470 -318 598 75 231 -202 569 84 0]
[-311 1125 -671 -401 536 351 -164 606 85 -53 -23 347 423 -221 194 262 819 531 -142 -568 434 -330 -221 359 -260 1021 275 -998 -64 947 -232 -55 -143 458 717 158 590 306 -482 160 -273 -108 232 227 349 23 -415 137 388 -832 -733 108 153 198 40 0]
[206 994 -418 309 -268 316 415 -523 -325 -145 -168 -67 210 -30 -132 387 -403 -136 -420 -1233 1081 112 -487 -140 -559 435 365 238 -423 267 64 -1250 -166 -303 52 -76 900 -470 -900 -130 -422 453 -284 -95 -132 689 -193 -68 117 -51 -376 7 -37 335 -67 0]
[-1179 -462 -245 452 -289 -150 484 99 898 -46 -468 334 -184 -1101 6 -409 842 -69 292 131 349 -471 -101 -469 -364 -253 798 1369 721 25 1211 250 -19 -513 169 424 461 -145 490 -737 53 683 -461 -600 -332 -50 -64 216 -278 98 90 302 69 8 282 0]
[-185 -307 12 -97 -217 -464 388 -382 30 498 895 -709 -386 692 -3 190 519 449 -148 -757 -1293 221 501 -395 563 132 51 -668 -651 88 -1232 430 -35 -544 -9 -181 226 -589 -256 -52 673 -311 14 -13 608 -446 -365 -525 -349 -94 430 334 436 -9 -352 0]
[-655 49 -37 29 681 -642 541 -645 376 730 704 128 -705 -59 415 339 686 297 -215 260 200 -391 33 412 411 -210 604 -29 -281 412 29 -568 519 -335 -110 706 469 -29 13 -16 393 -157 221 221 351 -124 -183 -219 256 -804 -134 292 139 76 41 0]
[696 139 -248 384 -179 -306 18 -409 -262 305 -63 -362 -24 687 -659 -421 -489 -64 405 -282 -1350 427 6 -723 486 -106 -315 500 -147 -205 55 -371 -1220 30 -53 -139 238 -692 -517 -1001 158 -160 -909 -659 -14 239 219 -187 -43 6 70 -319 229 184 -90 0]
[241 145 -489 -375 -463 563 466 702 110 433 -414 -336 -50 -425 -216 -119 391 37 -440 -786 -33 723 -496 -685 -1023 327 815 419 -600 311 -413 -548 -103 -323 8 -196 -75 -893 -907 280 -42 -73 -9 -143 -884 -262 -206 188 -243 -489 716 137 -633 -318 -408 0]
[-323 -414 124 -69 -1310 540 -130 860 -121 -313 -123 289 -126 -77 788 698 -323 302 -564 -550 469 -59 -600 -360 -625 -193 -269 -234 -192 -509 731 81 178 180 631 -90 -151 -73 349 -327 -601 -824 3 511 -684 -59 -329 922 -606 -72 -256 -181 -234 -698 -177 0]
[-71 -191 125 -1034 205 808 311 344 -127 518 112 -102 -297 -852 606 539 -198 55 -503 379 -86 191 -611 380 224 -79 272 -167 409 -121 -47 264 -95 -1300 -552 -106 -705 -185 115 597 108 -82 -352 310 133 224 221 -443 -700 -1106 -194 271 -710 -280 -46 0]
[-105 -472 -376 498 -243 -700 -166 -405 -271 83 262 -124 174 614 263 -94 417 400 -695 87 -632 -588 147 207 264 254 -787 -347 150 216 -495 -128 -132 281 406 -773 128 102 107 22 18 549 392 63 794 -44 -495 -482 -480 801 132 112 607 -398 -309 -7]
[-366 102 -636 310 140 -299 -448 -167 284 70 674 -143 324 -388 45 121 317 505 -517 -278 -396 -508 -361 562 384 659 151 536 523 317 -985 -228 -713 114 31 -301 -177 -181 -795 522 -57 289 382 -145 -92 -332 -815 -953 124 -218 -431 43 91 147 -87 4]
[-106 -495 -63 -63 -133 -258 -215 -22 -235 445 -23 -455 313 -256 -262 -280 -98 -87 260 170 619 -673 145 -340 -182 -935 -750 -325 -455 -455 407 -242 -113 374 -267 472 250 -260 273 -447 290 -172 91 516 -214 249 371 -288 -254 312 351 -131 2 -767 -440 0]
[-287 776 -293 -154 -249 412 46 -423 -319 -501 527 -121 -10 -514 -90 109 -166 207 502 -81 -36 236 569 -288 -145 -25 469 165 -34 161 -551 728 -132 -519 -180 268 205 -363 207 -401 77 254 -412 535 57 -221 -437 -36 -78 314 -254 -599 -117 327 73 0]
[42 -956 388 165 -369 -203 -396 248 749 637 692 -561 -807 444 50 -206 -206 -20 529 -485 -129 -358 -299 -214 689 39 -332 135 -511 -483 142 -566 -323 -150 -447 202 -82 -207 -746 -411 -265 -344 -237 -752 -592 -670 -108 -307 -114 203 274 -359 325 31 -44 1]
[503 692 -619 86 264 -530 -264 -329 -62 415 -835 204 554 242 263 -362 896 182 -205 34 -1232 644 584 81 -571 833 134 -92 -566 1045 -45 -73 -146 -223 806 -74 -25 -279 223 202 141 221 -127 -485 271 -1 288 55 -184 -89 501 -5 349 570 -21 -9]
[-303 492 20 -28 157 65 146 446 282 214 563 173 -862 774 -194 -290 602 240 5 28 -943 243 342 39 777 610 591 -676 -72 -160 -872 956 150 230 371 -325 -88 136 -789 96 775 -130 653 -197 -378 -252 -848 52 206 -170 -760 54 98 185 -348 -15]
[-503 -51 333 -567 -339 486 156 -414 741 -412 -28 -489 -144 -10 173 45 432 124 98 -134 104 -63 113 -13 167 -170 237 170 -176 -304 -597 788 88 -1137 -18 -145 -70 -459 339 163 -126 538 -779 -86 -110 313 -123 -122 -701 -275 -14 637 -83 -51 419 4]
[261 322 -233 87 -435 -158 -349 86 -636 -434 -633 -100 779 -294 326 476 -100 196 -74 577 -491 42 -302 249 20 336 -546 -56 612 375 231 217 -434 -84 665 -5 -196 516 1250 454 -504 -333 -657 89 426 -5 -394 463 -26 -141 -283 197 -143 320 477 -54]
[-33 382 541 244 46 250 -146 -105 82 -941 -757 -82 -221 -173 -254 -181 -556 -664 144 -760 925 151 226 89 -214 -239 156 -112 88 -87 491 -951 -187 -233 -666 862 535 -631 -590 463 321 335 -702 -464 -333 464 -203 -302 485 -259 -302 -179 -386 631 -112 7]
[677 730 -637 -130 86 83 -503 1 105 -265 177 166 272 -133 -222 -290 530 187 116 841 645 -91 359 -384 -146 181 165 -474 680 749 -228 878 -416 549 919 -30 153 -46 333 -194 142 -514 -198 1393 -314 -526 -250 175 -268 243 347 -381 -67 -238 34 -70]
[-202 -154 386 -422 -515 -102 133 403 252 604 654 73 -447 726 527 275 483 337 -307 -745 64 101 -58 -126 -524 -110 456 -402 -1029 157 255 64 468 -90 -217 -48 374 -422 -243 -340 74 -620 172 69 12 -291 -508 931 -774 -675 13 -304 88 27 -433 -35]
[971 161 282 320 -20 -367 -586 -432 -44 722 -249 -140 21 480 -281 -421 -353 -672 -198 829 299 118 -378 -107 319 -307 156 987 -116 -707 54 -1185 -527 188 10 -885 -104 -175 -311 296 46 -190 -297 -841 -1316 511 1 734 -44 -405 450 -169 -87 81 -39 2]
[-18 -332 528 -107 -247 -154 210 207 392 27 -435 -627 -519 497 194 -131 372 -470 211 144 -334 447 -346 518 -689 -715 -299 61 -651 52 652 -650 817 704 -124 -106 -656 -346 99 -61 672 301 -154 -715 -1045 157 -156 239 203 237 239 -224 -330 451 -9 23]
[1238 -1312 188 407 -62 76 149 -229 -124 -198 222 -632 -248 187 -594 -507 82 -29 -937 136 -117 11 312 -697 953 -435 32 -137 -311 -9 -358 -452 93 214 -776 -362 720 5 408 -219 -365 -340 264 774 614 -207 -72 -365 -186 236 1049 -45 233 -998 -86 54]
[165 82 348 -103 -270 260 -57 -406 -640 -12 -40 348 -671 1 1001 258 -786 -381 -527 87 1197 619 585 104 -148 -522 391 -265 -345 -522 -259 -804 158 -1171 -280 -508 -221 -498 -18 870 -251 401 -722 -182 -169 360 105 458 -672 -562 57 -380 -304 -312 -124 67]
[139 -57 359 -137 -319 425 -483 1145 -545 -1244 -1087 365 -920 -777 -483 -386 -26 -463 -264 -54 131 -231 -48 -547 175 -571 540 319 -511 -640 183 163 -1186 -38 10 190 237 295 157 375 -491 382 23 258 -831 433 -360 -20 33 -24 21 207 -301 -671 -29 12]
[-646 -71 88 611 155 -327 552 -473 273 -247 -63 169 464 345 -121 741 -50 630 -117 11 -529 -298 -828 335 -194 472 -136 640 682 -105 298 180 -230 707 -42 -423 -540 172 -333 9 -465 -422 -255 -830 143 26 -524 597 379 -761 -1245 708 -127 192 291 -14]
[-271 128 -209 163 -275 544 390 -357 48 -397 -379 118 -705 97 172 -31 -370 -261 319 476 -671 -269 -84 -168 592 -392 721 564 3 -898 332 105 -647 -913 -254 399 -327 -402 -323 61 387 291 -329 -692 -665 818 -107 -205 -373 -5 -975 -124 -422 79 59 -128]
[522 -409 221 -594 -210 391 -163 277 143 378 -428 172 -1135 27 475 326 164 398 -880 327 -265 151 -296 -639 192 -82 63 98 -463 -295 360 -224 -583 -699 -463 -201 229 -346 560 -330 -506 -727 -167 433 -621 -105 704 237 -913 -781 1023 270 -344 -845 3 -19]
[850 -268 110 -111 136 68 -506 122 220 83 -481 -649 277 247 -662 -184 617 327 208 -493 -1288 182 -593 382 515 1075 -471 -10 8 983 -176 -121 -573 400 284 -320 -58 -57 -877 324 190 291 -404 -480 294 91 -393 -719 253 -110 -177 -216 479 1338 494 -114]
[-120 -169 -858 -383 299 503 1031 -50 -827 465 -367 -755 69 -297 -690 -34 -640 348 572 637 -233 -258 -126 298 -618 -697 -496 110 -354 -101 -164 -445 -645 -297 -77 1165 -333 -466 -411 -359 166 638 -532 324 -348 736 87 -90 -154 -468 -430 -150 -648 -363 -236 -226]
[-632 596 289 728 193 172 -470 261 -167 -956 -39 778 -211 -284 -144 -246 -133 -469 -5 -117 -134 -452 -621 -229 800 159 -76 11 -34 -340 57 -314 -396 -159 -156 -30 848 698 922 298 458 971 247 284 365 535 -83 -1302 374 788 321 -438 -10 -351 -108 -24]
[67 -548 188 -642 -171 -571 443 -554 -4 536 -136 -547 990 261 363 -346 716 65 -138 11 -300 21 485 266 -616 279 -406 -434 -9 643 -9 1013 962 429 -129 -204 -632 68 175 -70 315 -219 469 219 619 -632 683 40 -788 412 735 72 529 221 -136 -41]
[-62 -338 127 17 127 -433 -719 469 8 -641 -35 208 380 -678 -143 -23 -77 184 -788 118 -1050 -244 597 108 540 -125 -608 -236 334 654 -72 -151 -579 -64 383 368 320 357 669 -71 -500 -364 166 219 1002 -22 -130 -383 525 34 227 -108 301 -93 -245 5]
[376 157 216 504 -141 -508 -1022 -467 559 243 -320 163 -10 783 -5 -492 329 -286 -550 659 -416 -157 429 241 337 404 16 8 -107 -180 146 -713 -473 -146 8 -242 157 -318 295 543 410 9 -663 -45 -301 528 -899 183 240 -346 61 6 -83 265 -333 75]
[990 234 116 -193 -627 141 -239 -562 202 385 -343 -732 592 307 -378 106 -39 433 -440 -687 344 -39 -416 268 -449 599 -531 333 -293 945 401 -465 -224 566 -73 -553 499 -764 -322 -456 -99 184 -1204 -168 -415 -161 13 -249 -179 -100 -52 -223 177 659 444 108]
[-71 -522 -140 102 145 -378 544 456 806 -95 465 -587 -756 -5 -599 -196 334 -218 92 -777 -222 -559 195 33 271 223 566 721 822 149 72 239 -413 -160 -610 217 727 -118 -494 -623 371 -23 306 -519 -14 -560 -116 30 -154 80 54 576 -260 -46 278 43]
[-695 482 -294 -192 -213 -237 -158 -462 329 -130 -364 -262 -585 -145 584 -139 860 278 183 -103 660 -429 569 -242 -157 159 332 -335 -165 328 -141 -77 661 -1073 270 176 421 -731 496 731 61 350 -104 429 563 -289 -304 -263 -610 -106 364 160 -244 363 13 115]
[285 256 120 -461 -28 62 756 272 -388 584 -173 337 71 283 323 138 64 -304 -1054 358 -326 370 -168 298 468 692 619 -321 -227 -440 1156 -226 360 47 -216 -362 -264 418 -374 -614 -237 -639 362 -326 -54 352 102 486 347 -182 -468 638 -80 232 -265 108]
[-800 -18 27 -461 138 -540 99 154 84 60 460 -158 244 -609 188 151 399 -255 327 999 -1015 -37 512 163 439 -412 36 -480 462 -644 -267 512 -147 -1299 -359 -150 -793 531 583 -71 176 296 -268 -136 808 -6 -667 -540 -105 576 -127 408 42 16 -663 182]
[102 -159 87 413 -166 -18 620 -398 118 246 -566 -207 -376 -102 71 98 170 -168 -64 521 -977 65 267 168 801 -30 94 -50 -256 -366 530 -127 -77 -925 -556 -36 -350 -773 156 -1 270 81 -546 -334 14 101 -206 -427 -44 239 -362 325 -282 431 -357 -189]
[1278 -528 585 -307 -445 -92 -11 -602 -288 -36 -693 -697 -224 217 41 -588 -338 -107 -172 -762 -71 163 -128 -61 326 -298 -475 -70 -631 -133 1023 -978 -134 249 -413 409 269 -562 -84 -714 16 -100 -351 -17 359 152 1111 -274 -61 492 412 -180 741 323 527 -60]
[13 596 130 1118 -97 -594 79 -670 -369 -96 222 311 360 204 353 161 189 -391 -122 312 -459 229 14 -49 938 -117 -124 -43 -290 20 -248 257 -217 -456 -427 -437 52 383 621 45 391 -216 -493 328 743 225 697 -314 -110 -367 30 -195 370 -76 -7 311]
[-761 46 234 856 14 -360 686 -281 275 -378 -588 -146 166 -66 -15 -140 -5 -120 217 -497 -297 -156 439 -398 -381 170 70 -24 -58 -520 344 776 889 -360 -288 -34 259 36 -112 -217 946 338 151 -590 -2 9 577 -288 -350 632 -78 181 -65 -340 -313 -2]
[-180 -85 18 773 -326 -598 138 -723 132 418 -351 -269 193 437 -364 -100 107 -164 169 -302 298 -140 -60 155 94 357 -266 404 272 34 477 -404 -258 -413 -151 -941 317 -128 -425 -372 215 190 -790 -683 562 82 123 209 78 259 -217 540 616 832 -96 60]
[191 -670 103 347 178 -758 -376 259 581 827 229 -341 -360 845 24 -733 414 -20 29 587 -640 57 13 -97 538 -404 -148 333 210 -238 -478 400 -49 363 -293 -838 -473 -237 -385 -192 -94 -456 -510 -565 -432 -527 -8 282 -193 44 223 -123 -134 -189 487 17]
]