[[297 304 135 -84 261 611 370 -58 -167 30 185 -331 101 352 332 88 -93 206 76 -73 383 -98 392 -199 -163 -394 116 859 -635 29 -327 -95 355 -56 60 -157 -402 683 447 -54 -135 -227 -135 117 32 492 389 118 -152 541 301 -60 37 339 -190 216 362 -89 -10]
[316 -290 122 -207 -359 -449 -343 -68 389 -260 -930 304 -88 124 105 -506 111 -271 294 278 -97 213 -97 -10 69 411 379 504 949 -20 1156 -334 -316 -86 -161 -629 6 -486 -123 288 -6 -170 -610 -423 -738 -408 310 403 180 -513 -444 395 -398 752 244 -142 -375 17 30]
[105 -208 -450 219 112 -498 -590 108 -304 229 -491 -391 146 305 -463 -329 -267 -209 -253 418 -167 414 228 62 771 717 -62 551 -141 -581 831 -346 -485 0 210 -495 -62 708 -283 -202 414 99 -566 -144 -871 -171 418 460 260 86 536 522 -396 -33 -441 -11 363 -15 0]
[178 15 657 -87 -5 113 139 -140 622 359 401 -532 -52 722 -474 -2 -113 567 248 -660 379 -337 -159 254 -748 -51 5 -109 300 580 535 -124 484 81 -15 -159 888 -172 355 319 -304 -233 327 -386 214 -213 -176 311 168 -395 -754 209 265 850 49 378 -490 -394 -25]
[91 23 232 -412 -242 88 512 14 -584 -22 304 -1040 -130 285 -817 154 516 40 332 -221 98 -643 -188 -357 -225 237 -122 494 -695 110 -281 -504 470 304 221 -93 392 470 -220 450 599 160 239 -532 138 -466 -100 332 593 -42 -279 -618 466 -190 156 421 -284 -407 -55]
[-576 -673 -631 78 201 -124 -9 570 -575 -508 -804 -35 81 -447 192 90 -559 -345 -121 429 -672 -540 -206 147 229 -113 -678 84 -124 -1208 -413 -273 -692 -2 6 637 276 272 -189 -329 688 -147 780 435 -331 239 -281 453 483 335 394 -116 -118 -1128 53 -487 19 -161 9]
[357 687 -501 -168 -488 219 -279 -312 302 390 471 449 343 37 -460 642 -85 560 -661 154 622 -434 -63 61 333 -145 16 -287 223 738 29 1242 360 95 1002 562 273 -38 101 -365 -773 341 -371 35 864 19 -248 -405 -29 47 356 -270 -467 40 -478 -83 448 246 -3]
[15 232 -218 773 -234 201 -473 59 -418 362 379 -139 -817 39 193 -602 245 -254 565 480 -50 599 399 -421 350 366 -531 275 -591 -142 -409 -339 -55 220 -248 -871 -811 342 -1154 354 249 -303 -594 -6 -637 -21 725 -613 52 659 289 2 126 312 546 318 289 302 14]
[170 -116 355 -332 626 -613 46 123 -555 -521 -6 -755 127 669 -699 -318 -181 151 -207 -1038 -197 87 -296 -72 292 95 164 -898 -971 -610 233 -842 242 -307 -98 557 305 173 -123 -55 907 -456 502 -321 -320 -74 -343 10 -188 -130 344 72 468 -83 -696 368 85 -374 -54]
[347 -107 764 -601 96 -175 373 -222 -30 -500 -284 -160 422 -81 83 157 -130 15 -126 -486 825 -768 -184 -107 -425 -219 297 -323 -45 358 -435 695 25 -242 -132 1310 -131 -370 421 401 -506 -19 478 257 1015 1030 -404 -746 355 -138 535 -278 -137 -827 -250 275 218 114 -27]
[-124 268 -594 -207 -14 1000 -201 15 -59 175 -317 635 -205 -50 164 695 -310 -37 -26 726 -952 -811 -299 -60 -436 -248 -575 655 322 -11 -32 350 -186 284 54 -448 -327 -105 -388 -45 287 662 279 -238 -473 -307 -483 538 48 673 58 -519 -100 -472 547 -323 -567 170 24]
[4 -637 377 395 -87 -71 281 -271 -134 65 -311 153 -126 -332 197 22 142 -241 83 438 -237 491 -306 328 258 132 -702 160 778 261 340 530 -225 -178 -172 -862 288 245 -580 -291 -509 111 -458 402 475 -118 -71 -396 42 233 4 21 -406 -702 211 96 -262 582 36]
[201 -11 637 241 -415 -77 620 -209 289 -18 107 -1051 -435 307 -401 -941 415 696 1195 -541 332 339 -155 -329 -45 82 -200 507 -44 105 325 -975 886 402 -453 -661 -178 325 -244 469 -236 -380 -989 161 -178 190 776 158 -25 247 -680 -726 226 531 629 588 -11 90 1]
[363 -494 221 -59 -29 186 -457 66 -965 -240 -632 306 240 -191 849 -156 -282 -137 220 663 571 -842 304 -181 142 -542 -869 531 468 -355 302 418 -177 -14 795 -235 -12 -24 -840 9 -419 -77 454 505 -179 63 -615 -501 823 481 171 -233 -392 -767 237 -15 62 384 21]
[312 1028 -188 -766 -739 339 -113 -91 502 -365 3 -152 29 75 -990 259 639 322 255 76 -228 -66 -503 -395 12 321 385 -236 285 517 3 151 513 -531 -424 407 -317 -746 -663 -122 523 -183 -750 -513 -186 58 -528 -334 -588 -53 248 -315 251 -350 -398 -15 -110 462 -2]
[99 442 -123 787 84 333 135 492 373 625 56 -157 -321 -79 614 -315 -126 -216 -461 507 112 253 -67 299 460 307 367 616 -685 -195 -169 542 -883 316 270 -209 -437 411 -38 320 -438 -214 -171 -257 70 320 874 -448 713 265 542 18 -398 358 537 180 695 -291 -30]
[-49 -481 385 41 -417 -44 -11 -42 -306 -323 -136 -940 -579 460 -116 -738 119 75 519 -188 -253 -491 183 -118 -781 45 -81 968 172 -472 -267 -1012 -97 136 -405 -614 328 353 -367 -604 621 -422 -92 455 -522 369 56 585 -46 792 445 -37 257 525 -193 28 -403 -71 19]
[10 -643 -410 290 863 459 667 327 -506 -24 -121 429 -190 -280 1252 -101 -291 -334 209 -258 256 775 195 -40 234 -285 -68 -71 -13 156 -106 -255 -65 -696 350 -392 -586 267 177 247 -83 -513 -394 483 189 -320 368 75 -654 -278 -116 359 -52 704 562 90 85 92 47]
[258 -353 152 84 16 -667 -436 511 -432 -31 -167 78 163 -200 -48 249 132 -31 258 930 160 -979 479 -968 444 48 -248 57 -249 -620 -1073 -42 -58 579 792 383 523 592 -277 323 209 -266 506 -276 -103 115 -7 -90 1067 19 -81 -365 -689 -705 -144 -96 208 -157 -29]
[68 -315 -402 12 -6 299 -99 407 -330 -31 -133 -626 459 -476 -504 -626 -498 26 98 241 45 66 -385 1160 511 271 -953 -207 124 -496 417 -12 359 438 34 219 791 -149 -610 -331 329 -138 -122 260 -349 -330 -428 -373 766 275 -470 -203 256 -778 308 -47 383 -289 -42]
[217 -177 -154 -574 -418 -87 743 -644 194 -645 -452 -550 -61 420 56 -287 -46 -244 102 -108 509 -638 -371 288 -235 61 -72 -229 -541 375 -747 218 417 739 -207 555 136 -346 212 344 125 313 -247 445 852 282 659 -206 571 -42 -159 -821 50 -394 787 -286 -77 -339 -18]
[-220 -53 -409 -21 189 -603 -750 -214 -182 50 -601 -565 240 797 -31 165 -634 239 129 -183 499 305 94 207 -20 496 -762 -114 -28 285 1572 -169 -259 -404 -495 -497 187 -101 105 45 -207 -112 597 543 -593 -72 -41 220 652 -739 -41 893 -442 -397 -174 -193 250 -162 -17]
[-354 1025 -589 212 -834 274 -1201 -40 582 -132 -37 138 -68 822 -642 486 -580 432 -646 579 11 -112 500 -165 709 -36 -305 -413 -156 -31 -310 781 93 -79 564 346 -684 159 -474 -371 359 -62 -83 -159 -145 243 696 -334 -279 376 578 742 -549 -231 -296 -113 572 610 75]
[545 837 -342 -169 373 -126 -612 -153 25 271 851 -346 272 631 -396 291 -94 725 -911 156 -720 -23 -82 119 425 542 1087 -316 -464 -60 171 300 -218 -481 109 324 968 310 292 -863 180 -50 59 -664 -205 -182 -634 -655 69 170 308 -192 -100 39 -1389 -457 465 -466 -79]
[-678 484 -447 311 -1098 -214 -452 -538 96 -255 -608 339 -492 -379 448 -197 -193 -83 143 283 -589 -966 187 -164 -511 -282 -291 293 63 -293 398 -432 -606 573 -110 -273 -221 -571 -89 303 290 775 207 -189 13 -527 765 878 269 400 -1108 -749 -116 -134 947 -794 -667 -2 65]
[249 754 256 826 1 520 -420 203 551 807 397 -29 29 345 -130 718 284 192 -336 494 299 10 -267 16 -272 -457 -506 712 426 22 -44 576 -20 -380 335 -706 214 430 81 -231 -564 -330 -459 -9 -8 86 -173 633 -447 98 -231 351 -663 265 -274 -119 -315 404 -7]
[-660 297 -209 139 -640 442 584 266 -29 -288 169 -7 -359 -1224 142 -18 103 214 601 313 -842 -40 -438 161 182 -308 -72 497 -161 151 -919 -439 427 -44 -454 153 316 589 -228 -643 -263 -468 21 309 540 771 359 -669 49 697 45 -252 -185 -798 215 69 482 -106 33]
[258 620 -534 -180 -555 77 -634 -146 854 -194 502 -113 -111 844 -623 11 -235 554 -559 -26 -300 484 -435 100 482 876 299 -292 -56 58 -47 254 69 440 86 127 -245 -359 -83 -621 -55 62 -515 81 -190 -101 -347 -254 -486 339 329 -632 -355 547 -545 -125 572 305 -26]
[-595 -886 73 615 733 -66 -205 328 340 463 105 -943 -70 515 -603 3 50 96 567 245 -331 532 341 -29 -205 352 -230 37 372 -539 408 -431 -591 196 -207 855 301 403 488 643 156 138 177 21 -727 216 168 1131 442 -538 -820 421 482 -255 548 -154 -407 -297 -16]
[-272 599 113 1099 -214 677 320 428 42 -160 664 222 -579 -184 881 59 72 67 96 -270 347 986 -193 363 -252 -530 -591 -582 -905 -446 -299 -56 -53 151 -150 163 -343 -318 512 -410 -712 -1321 543 321 189 60 -53 38 -721 437 37 -159 66 1266 545 -97 321 -445 -57]
[-261 -136 -119 599 12 -610 -418 -214 -200 -170 90 630 -251 195 -131 -823 -183 -110 10 35 -713 812 185 481 643 89 119 -86 220 -70 930 -315 215 719 -132 -132 214 226 -126 -1014 -414 48 -498 -216 -343 166 461 -619 -343 213 351 226 52 898 114 -302 397 -453 30]
[618 -646 280 -472 -16 12 485 -235 -427 -878 -862 -158 -334 55 313 -385 -553 -486 39 -103 201 -440 284 111 106 -221 -990 15 -481 -440 -403 -383 275 -14 -41 -235 -675 335 -412 385 276 36 -452 425 94 380 1038 111 92 880 4 -500 -340 -119 184 384 434 679 28]
[351 -203 7 74 346 80 165 217 167 26 -176 -448 512 494 -470 -22 -468 283 -568 -187 82 297 -59 -337 602 337 1053 342 -249 229 691 565 -420 -1098 671 476 226 582 487 118 77 -535 -152 -628 70 207 409 249 521 -232 351 470 -169 189 -644 609 127 -409 -6]
[-218 616 620 335 685 -31 137 -206 605 492 199 -25 -97 500 -415 477 150 525 -252 -505 -218 989 -525 242 -436 -701 -184 -789 -493 167 105 -122 409 173 -934 -237 -227 651 956 -194 -486 -95 89 -382 488 195 143 408 -1268 56 -2 818 81 -603 -330 179 -393 -318 -25]
[-755 -958 -42 468 182 -239 289 97 179 204 -124 -151 -151 76 -211 639 -479 -298 -457 568 -767 -34 343 -356 830 758 -416 -307 -369 -254 -612 181 -827 301 -49 496 916 734 240 -203 310 196 870 339 416 214 48 44 435 -148 1 444 -180 -733 -210 -375 25 -28 -19]
[237 -61 256 538 -510 475 -323 -451 -941 -214 609 -658 467 20 -126 -129 -133 -334 -59 549 963 56 693 -208 -82 -370 -521 106 -649 -182 -340 532 309 350 -54 611 333 326 -324 -163 371 -92 -297 574 537 603 64 -710 291 670 16 141 300 -153 -136 -67 237 74 -12]
[601 -24 204 241 -321 295 180 -165 -341 673 572 -656 -437 502 -956 -712 216 396 463 60 115 -216 472 -537 363 543 44 96 -198 124 -98 -290 825 -290 565 -382 412 904 -674 -329 363 -372 -851 -294 -432 -231 -557 -712 126 305 506 -280 332 -18 -643 658 53 -173 -17]
[636 -69 -3 -353 -63 -275 -435 381 -825 -338 193 -636 123 190 -518 -573 -37 614 -30 152 869 21 -316 -485 589 555 240 -161 -572 -472 392 -252 -129 282 25 522 -347 256 189 46 -59 -188 -95 165 -910 314 20 333 821 149 312 -701 -35 -193 -60 249 867 -357 -127]
[203 267 -161 -52 123 -515 -62 -419 213 762 -248 446 410 487 -732 579 51 645 537 496 -251 -23 -235 -715 394 464 -43 220 399 472 969 162 734 879 79 -481 778 564 141 -154 -151 506 -155 -720 -311 -472 188 773 273 -389 -284 -80 -399 -134 178 -134 71 -478 -158]
[-235 -592 -315 -470 -140 563 673 -222 -445 -733 -619 104 -108 -698 645 476 -142 -173 201 138 -242 -343 -259 179 -210 -664 36 412 558 -195 744 363 -367 -732 389 216 -157 -384 309 401 -164 131 58 -474 564 -324 -418 -29 -22 159 -187 -479 417 -203 423 69 -500 267 162]
[18 -422 251 992 -98 -556 -213 149 248 39 -257 400 16 303 502 -537 99 290 -479 801 -275 -29 230 63 801 -367 -233 -138 105 -822 580 594 -646 432 509 174 -49 227 -258 66 -1035 19 -475 424 95 248 223 -472 537 74 15 -387 -574 -250 -69 -433 407 87 56]
[-673 -197 911 97 -117 366 679 -97 490 -168 -62 258 351 -70 -249 386 -354 64 -421 -755 -1019 -743 -529 98 -466 -420 244 91 127 -224 -862 -291 671 349 -288 -65 145 -207 641 -488 232 212 96 129 730 392 -333 551 -1081 329 40 -318 12 -403 -1 -320 -1009 86 191]
[-367 529 23 204 -427 -271 111 -198 -543 -76 57 -1096 -365 794 -837 9 435 -95 618 -307 511 924 -94 -17 -59 299 -637 572 -305 230 568 -682 500 122 230 -455 -739 627 -74 -240 -251 -40 -753 -76 -315 -245 403 153 -211 -155 310 354 -298 507 60 597 616 210 -25]
[78 -61 252 -59 -425 -68 -109 132 465 346 -165 193 277 -173 -4 -77 801 -27 228 -446 841 70 197 212 -555 -426 574 183 629 -709 826 -499 -21 -251 -191 93 432 -489 375 215 -343 -693 871 -142 -843 -509 -459 369 88 -940 -237 989 820 953 -215 -327 -466 -809 -136]
[312 432 -369 402 990 630 -540 169 94 423 -159 336 69 521 499 -302 -1126 62 -328 -177 -281 602 -207 -545 161 -434 -445 -870 -1327 8 -20 -442 101 353 640 -331 -700 169 -453 -216 39 -355 -53 566 -729 88 507 110 -574 898 463 81 -404 -313 126 272 700 -42 -107]
[375 128 678 -516 95 472 535 390 -233 -333 340 -814 201 -415 -167 625 86 82 156 -72 45 -262 -239 105 -105 109 347 -683 221 538 -52 -164 361 -784 66 -21 355 -255 -88 302 -389 -641 738 -620 1101 57 -735 -964 300 -410 -506 85 85 -741 33 389 -226 -18 82]
[-431 -150 -190 978 19 -634 -507 -200 -143 853 -52 -693 179 377 403 -251 -271 13 200 353 -155 -248 384 -324 336 734 649 -86 133 -623 193 -538 -554 151 627 -884 182 388 -617 422 -97 758 -98 13 121 -858 288 397 291 -361 144 346 -303 138 514 -183 -437 -6 65]
[-359 -355 323 -648 -293 890 41 184 434 -298 225 105 132 -413 -313 457 350 -440 52 150 -207 -60 243 144 -733 -461 64 130 107 212 -1396 -61 522 601 -747 872 -115 113 897 112 -580 367 347 196 327 546 11 15 -417 357 -119 472 111 -166 -356 89 99 -262 -112]
[-226 388 -1065 392 -139 -38 -713 619 800 863 -281 39 -179 -106 -46 285 -407 -36 -76 244 608 16 -277 208 132 42 -47 117 742 185 222 568 -463 -585 494 -32 220 -11 -266 168 -249 -648 -120 90 -83 88 250 -23 296 -442 -353 563 -560 -248 -107 -198 254 17 -149]
[276 -283 484 1024 836 -849 -498 -350 -266 580 239 -608 445 1141 215 -992 -248 96 -168 -520 438 -152 225 92 -167 -141 166 332 -76 -782 459 -330 -368 -131 -411 -395 -13 833 0 411 407 133 -154 154 -211 485 358 305 158 331 387 268 328 340 -449 106 20 70 -46]
[-311 -429 -16 63 88 58 123 146 663 332 -318 172 -219 227 212 277 -1022 63 32 -84 -316 -137 -192 346 -462 -270 -1285 -795 266 492 99 461 296 190 -739 307 150 -136 -187 395 -224 76 504 201 451 290 421 129 -273 306 -134 277 -25 296 517 38 -341 11 -183]
[393 -360 280 -167 270 -64 867 -224 -242 155 -94 -214 440 281 40 -62 -132 334 351 -68 928 -446 -152 297 229 -214 -58 91 755 274 -66 665 663 150 989 156 77 264 -8 19 -485 -121 38 270 395 -350 96 -59 272 -38 292 -53 -342 14 463 225 -231 -110 -15]
[-189 -49 121 59 218 208 184 339 -434 43 -47 37 63 126 81 -256 -619 -30 -396 -371 -40 -14 730 544 256 -873 -536 -562 -434 -766 -264 -480 857 105 124 -226 653 869 349 -540 -75 46 770 524 77 115 427 15 -162 211 -248 586 484 -470 -424 148 462 -601 69]
[506 -145 365 -563 -250 -707 78 200 -269 -307 -577 22 -34 -201 92 -540 997 -277 248 294 627 281 -113 -531 996 16 12 -270 -837 -614 335 -313 -472 435 351 64 -104 -86 -706 537 -53 -59 198 239 -83 261 -108 -377 527 -257 301 -564 175 -407 -231 260 90 398 -106]
[261 -323 797 -148 -299 -163 793 280 -348 -327 -518 -357 -408 266 393 -356 904 -210 1025 122 -302 190 -152 -553 -537 -289 90 888 216 -646 263 -96 -268 -653 -128 408 -95 350 -550 171 -4 -938 24 -373 -256 545 -388 -268 296 109 734 -322 227 384 369 178 -422 35 -139]
[-38 -146 -799 16 181 -494 618 -526 1024 -415 -803 731 64 75 897 -199 -467 483 -70 83 -800 111 -427 163 810 30 59 -51 -334 -803 184 -235 -351 48 -251 -141 874 48 644 -403 -368 -631 -44 245 -176 -43 751 398 86 99 -567 -92 -239 466 -254 -512 430 156 -88]
[255 120 -716 -143 -185 -262 -72 34 -235 -13 -545 20 -44 -55 -484 472 320 -493 -198 601 315 107 -340 -185 419 42 -734 -40 445 1039 142 868 -16 -538 267 -120 -24 -193 -601 -342 120 -58 -675 526 654 45 162 31 -157 -345 296 287 -248 -527 362 125 -225 548 91]
[59 103 545 -372 -819 165 695 518 -337 -226 439 -701 610 -161 -1174 -240 183 147 -521 -600 478 -536 374 491 210 -594 350 -217 -322 -147 18 210 607 399 578 720 417 -206 -198 -473 180 -133 774 -274 763 64 -331 -342 185 -53 332 -159 665 16 -345 452 404 -533 -241]
[157 -71 388 -448 866 568 403 300 -162 87 -392 492 745 -393 573 0 -346 122 -483 -501 101 75 -48 432 -482 -736 661 -48 542 3 749 382 -135 327 539 -409 141 -84 109 -388 -150 -69 276 -457 124 -504 -261 517 -435 -118 -180 289 315 467 377 -219 -420 -310 116]
]