[[340 299 891 715 -819 24 -223 -294 -196 901 9 350 88 -176 -231 -70 495 234 -294 225 306 -353 -417 1151 123 972 17 431 -86 159 206 195 -138 234 48 -542 -348 525 -616 341 96 -98 459 397 697 -850 101 -163 -349 -536 137 27 -866 -91 -374 106 -194 -120 152 88 0]
[-929 -226 132 -275 652 246 467 244 407 -218 -754 458 -366 167 454 421 -552 -172 -138 691 -116 -21 -353 -192 -655 -70 -416 -574 -3 158 -59 154 -1476 314 -331 298 -247 -149 570 142 452 -1090 558 -176 -738 480 321 -416 241 -59 -431 -546 -349 -206 588 -221 -143 -134 34 -2 0]
[199 -764 -685 170 577 -586 856 853 113 -84 -243 387 -327 1074 507 -499 314 564 535 126 -195 174 -196 -461 267 819 -242 803 510 -254 -581 -398 340 -565 143 581 62 -11 -294 -158 228 -342 563 418 -60 -413 324 -296 -263 -728 53 -196 -18 -880 265 -119 163 -167 -1 0 0]
[143 351 812 117 312 -693 -815 -993 777 -12 749 -131 274 -440 -109 910 211 141 302 304 -732 -998 600 954 -50 -1019 58 73 -307 809 -671 129 368 368 -66 -243 -283 9 304 -72 -786 -66 -240 7 -49 -124 242 348 -556 571 54 625 -139 66 -436 373 743 -309 -1 3 6]
[303 536 -751 -541 -198 160 -372 -248 -1221 -62 9 -6 262 -236 541 258 236 -1353 318 -604 345 805 -127 -668 832 -103 33 -582 190 -659 539 435 232 -485 -214 -361 -20 494 121 314 -94 -289 -720 455 -96 318 -353 475 384 241 -66 -745 556 799 -241 -710 202 696 204 20 0]
[-181 -219 -747 -716 365 -524 845 409 -358 71 -564 45 71 587 39 -717 368 93 -467 80 98 341 -503 -569 -109 1228 -824 -260 549 -179 987 165 -110 -262 307 415 89 312 368 198 732 -1033 389 304 -60 -42 193 945 604 -374 -805 -515 -1277 306 558 -340 -259 -108 364 0 0]
[-460 526 585 879 -10 -535 -135 -998 -212 400 269 653 327 438 593 481 -28 116 851 811 -117 65 -890 528 1293 -258 16 -122 -627 -571 -648 75 -48 386 -121 294 -344 99 -414 532 -698 87 -394 479 367 107 -215 -68 -1033 -395 381 -344 11 221 -843 139 844 206 24 109 6]
[838 653 -742 -697 74 -913 -800 264 -548 597 -157 -769 400 763 -648 298 121 136 25 -357 -119 156 206 -566 615 -297 -621 -740 -742 332 335 -323 1192 -340 46 540 143 371 511 480 -386 -399 -445 293 85 73 -282 702 268 164 -54 -284 536 1390 -133 -23 233 651 254 -126 -2]
[1146 4 -466 69 -88 111 -402 323 -183 -63 165 -583 -434 230 -609 -319 328 649 198 121 1 415 346 -182 -18 -340 110 -262 -780 -56 875 -697 404 718 -639 12 709 -263 305 -59 64 403 304 -298 88 61 -660 -521 -401 -121 810 469 608 250 151 -87 225 566 -80 -128 -2]
[341 242 -264 -130 786 -1242 -439 -156 -456 420 40 45 -376 162 144 -282 256 -138 -39 439 -450 -26 118 853 301 -306 -674 -234 98 612 414 -318 23 663 -104 292 -38 1166 290 37 -728 -446 469 139 652 -902 233 -87 122 395 31 127 114 -43 -11 -8 509 512 83 -40 -2]
[407 597 -131 -31 -638 605 145 1035 -165 720 -938 -87 -32 240 -132 659 365 -172 -568 -770 -163 228 -884 -370 360 736 -486 245 -596 142 236 717 165 -1124 -146 -817 -676 81 -220 97 132 296 -251 -355 322 -72 330 -284 70 -31 -156 112 503 487 -290 -62 -461 137 -4 -3 -6]
[-854 -13 454 326 -75 599 464 -402 -29 -104 -488 -197 -109 -925 42 -564 79 -129 -663 -370 427 -664 -21 787 -436 466 267 -409 223 -75 254 344 -1829 664 779 -875 203 125 -415 -28 1668 335 957 -282 9 -304 -542 -665 85 419 397 -144 -442 -225 354 507 -810 -127 34 -43 -6]
[-844 -133 -121 1288 83 410 563 -1029 -516 -435 -35 52 -184 -391 86 -462 156 670 199 224 139 -461 -645 1092 701 154 825 103 470 -495 -179 -938 -434 403 114 187 725 -575 -525 20 116 170 756 132 -240 -23 -797 -1029 -784 -635 463 -613 -118 -553 36 528 34 -442 325 -36 0]
[357 278 -61 182 -48 235 -556 637 -498 491 62 674 28 -294 674 14 308 -574 -543 14 162 650 -574 -753 470 -602 712 -205 -161 -292 533 525 -522 29 -1028 -501 -9 1053 -66 303 -316 593 -15 -3 1197 -336 -289 -123 25 220 299 311 1153 264 -284 -404 576 925 -280 98 0]
[798 -681 185 637 396 -458 -442 -198 126 585 455 693 75 -291 768 203 330 -3 -76 -87 -348 -868 168 -313 157 272 67 569 48 -391 -918 -1 -10 11 -534 -313 -516 301 196 54 148 -211 578 1474 275 -609 498 -350 -677 -71 -225 -453 372 -630 -80 -402 418 -519 119 125 8]
[-334 -68 224 922 -363 55 819 80 271 25 443 -11 347 140 -525 -519 -633 -143 219 -306 299 90 381 -507 240 826 392 1068 -128 -1384 -1418 180 -136 389 557 -439 148 -234 -414 -175 748 1008 154 824 -69 -100 -266 -592 -623 -534 184 -237 333 -374 154 756 -891 -310 -230 339 2]
[-816 635 566 604 -85 -193 685 690 -128 610 -150 560 -508 597 -359 -422 -443 295 448 1080 -102 256 286 339 301 273 -109 217 -272 315 -794 -287 -113 926 -403 1007 95 -228 -385 -117 -496 170 133 -1134 -158 -35 -227 -872 -62 53 239 32 -135 -393 607 520 -8 273 -274 -39 -8]
[-640 57 847 -363 -414 1616 -158 538 62 53 -73 706 -604 -322 -501 1298 126 -442 -557 -27 -369 -28 223 253 -472 -676 -10 -728 -57 372 -195 285 -344 -99 -201 -31 -1029 -796 337 -373 -575 -737 -435 -949 -1172 897 554 -647 729 121 -137 -339 637 -38 208 -329 -274 -236 243 -318 -6]
[671 -372 -281 -775 -593 223 -10 -121 -1013 -97 475 -996 130 -713 -562 -781 190 230 -932 -845 20 171 321 150 -201 -41 -637 -1042 -89 -800 905 131 131 197 1051 -272 72 174 -268 241 704 330 -718 -101 161 13 -383 -71 676 441 48 444 -33 -43 183 -534 -203 -64 305 -87 -6]
[-700 -81 329 1070 -900 763 830 -535 -1030 199 637 -291 502 -868 35 -717 -678 -447 -140 277 612 95 -691 590 433 425 511 -557 8 -590 -703 -263 -432 402 735 315 259 -168 -389 94 -410 875 -724 16 200 158 -283 -624 -84 225 344 21 -278 -460 -6 316 -807 72 327 -39 -6]
[-118 844 587 490 -121 -586 -369 -461 313 657 105 877 208 919 -362 426 774 102 517 413 333 380 -136 319 665 7 -611 632 94 -473 -189 -58 1504 116 226 245 -724 -306 -251 -495 -490 -410 -448 183 -326 497 1048 446 -374 -424 -215 -239 -182 47 -540 -90 398 -636 46 -186 6]
[257 -50 -835 477 296 -359 144 -208 233 -166 32 237 155 451 1330 -304 -77 -290 597 616 153 1697 -246 -813 -19 251 -253 698 45 -1552 15 92 -362 524 -723 -508 -39 361 -287 92 46 -181 -155 852 415 210 656 -329 -245 -479 -488 -760 -435 -258 -76 -623 67 -273 -411 524 8]
[-185 -321 402 687 -31 -144 624 223 -164 641 437 781 512 494 220 -533 438 -215 77 517 15 -585 -479 218 1120 166 -130 507 -353 -330 -870 214 658 46 470 704 -462 -165 -484 -786 -515 1947 -350 -503 688 -785 386 357 -21 89 441 323 653 -575 -708 -20 332 52 -365 -213 0]
[-111 406 -768 74 -90 -427 786 378 -261 89 353 -834 271 651 -305 -352 280 401 790 331 -206 481 474 -195 629 -217 -566 -297 -705 -471 -516 719 -170 386 126 334 710 209 -173 -276 321 269 -291 -884 -179 271 204 -50 288 -143 693 586 118 414 421 281 361 582 -7 -225 -1]
[569 -36 422 240 -696 348 -273 -1576 -678 -345 -151 -470 -665 -1220 160 395 -159 227 257 -810 378 -417 -559 988 390 213 394 248 -189 -467 1041 557 -262 -285 142 -1151 100 87 -573 559 713 54 -300 485 -4 -133 52 -406 -328 -128 295 -259 -110 286 -143 -498 415 -234 274 85 6]
[41 229 -181 313 407 -57 -778 -1233 560 622 -396 -894 311 -935 -6 -197 524 430 -566 -178 25 -911 -480 171 218 -411 -338 -819 -818 754 759 -284 -266 794 -293 -52 340 -259 542 -14 517 -128 590 -31 744 264 40 150 -924 385 -83 1000 -428 657 -142 294 112 -393 347 -343 8]
[-842 -169 -543 -313 414 13 -447 838 -534 -380 -831 324 -216 1505 317 -165 -86 -20 -102 644 125 972 -682 -60 194 -632 -288 -560 -59 -356 224 -398 -684 -248 226 531 -520 254 192 -56 -608 -485 163 -83 43 283 -446 -161 578 -733 -214 -1575 528 516 -624 -229 -71 436 -190 323 -5]
[-594 1012 -298 576 619 -240 77 -328 311 -168 -371 19 -347 -52 -44 716 -92 -17 569 -55 -576 641 -168 84 859 -473 -359 -21 -674 0 174 -580 -56 582 -404 555 -457 -593 497 128 -440 -28 -262 -686 -375 443 338 -880 -378 579 -11 19 637 97 417 319 267 208 -62 -204 11]
[235 268 27 637 -371 15 -58 272 -587 87 86 -504 57 -323 -525 287 -157 499 324 -358 180 -209 122 -589 968 126 212 -120 -1083 -562 -286 -232 530 243 308 473 440 -861 40 449 773 706 -624 -57 -61 444 -172 -267 -685 338 725 156 366 481 155 299 208 184 268 -423 7]
[117 294 -1050 104 652 -1306 47 -603 -77 425 728 -275 145 144 392 -582 230 674 475 -252 -571 70 270 -915 1093 -402 418 39 390 -454 -469 -140 692 52 203 612 284 427 -523 276 -260 62 -271 323 247 -197 -32 194 -237 26 -190 -314 881 253 229 196 1193 -7 1 -197 -3]
[-391 -803 -415 113 163 848 547 800 -301 -298 -123 906 -290 -40 1570 648 458 -596 999 -432 -184 -81 73 -185 50 621 -170 402 480 -54 -736 464 -579 -987 38 -474 -819 -716 85 -399 483 -432 203 385 -1215 185 826 -483 247 155 314 -1208 -30 -115 380 -472 139 -89 -198 -201 1]
[569 -337 -335 430 419 230 -1027 -369 -666 -44 302 -285 -25 -469 286 18 282 -635 -29 710 560 -374 45 -39 102 85 -353 -41 451 3 321 -256 43 -61 -937 560 357 514 999 -265 -195 -1315 612 522 -187 -297 686 244 -148 -442 -792 -152 -612 -795 35 -769 257 -294 433 -244 7]
[761 -104 -1179 22 241 -309 -525 -280 -166 -492 45 533 -699 -115 460 -315 722 249 604 -538 -765 685 272 386 346 123 -173 793 987 210 502 -1278 1106 203 -122 -104 -281 -218 -583 -324 -685 77 288 30 279 -709 64 -538 -444 308 237 172 594 -479 -312 -495 313 -172 -33 -52 -106]
[498 925 663 454 -178 272 -719 -70 552 -232 281 46 142 -614 1 339 545 532 97 11 -465 -342 229 359 -73 -877 -41 538 5 302 -49 467 708 -385 -823 -25 -158 -314 -223 31 -320 585 -387 -830 -77 330 -332 -318 -513 681 -411 1149 643 -1206 -383 17 782 -278 -114 -217 118]
[-612 -653 15 317 408 356 401 158 -57 -311 -127 -105 226 61 -187 -425 -279 -36 -300 -190 526 -410 -350 313 -127 -94 779 875 412 -178 -514 -113 -419 -171 828 121 251 664 264 -416 573 314 845 523 146 -596 -76 -328 488 -771 -154 -842 320 -785 466 417 -347 -316 82 179 119]
[-849 73 195 197 94 565 871 -80 754 -325 26 47 510 -134 742 514 122 -400 220 152 -185 175 -154 68 -314 -780 456 -398 22 -282 -297 314 -348 -211 -145 -817 359 -980 40 -240 50 1125 -276 -535 -308 856 131 -416 -100 772 677 371 104 152 -463 -44 -28 9 -403 -208 -14]
[991 -276 289 -704 -495 318 -538 -676 -592 -62 300 -662 -294 -597 -1143 -1007 661 -306 -626 -181 1038 228 522 158 72 -236 -264 -208 29 -411 1380 366 158 440 783 -394 606 361 -352 -130 611 73 -191 -82 286 -196 -252 632 381 -699 371 -42 92 359 -350 -371 -367 29 90 -167 -15]
[171 408 -645 -693 84 -980 -220 588 -21 -152 -277 90 508 535 -146 -62 -309 -170 -342 -45 662 770 23 -307 -266 -296 -899 -471 396 93 490 -287 197 -31 588 322 344 930 554 355 -216 -20 60 391 283 97 235 497 331 265 407 244 100 1044 -298 56 -129 509 57 39 -112]
[-464 30 53 -720 -62 374 -235 -260 445 -523 -157 188 -447 -431 39 502 -745 600 -376 76 -55 -347 586 102 -1358 -599 534 352 736 513 343 83 361 298 -417 -18 285 -96 147 -121 -359 -159 329 -673 -166 476 -101 639 474 478 -361 274 -773 -139 236 19 -70 -396 -171 110 4]
[-498 -47 396 104 -667 431 3 485 438 245 417 165 149 -370 -466 -104 45 -214 -237 490 203 -463 299 495 -1116 -507 433 -480 -1 -63 -372 107 -1232 648 -83 -508 -379 -53 -52 -319 24 113 453 -362 -559 231 -239 -160 410 -207 -31 292 -439 -527 211 187 -460 69 -532 240 -8]
[-916 987 440 361 343 -103 -858 -529 -131 406 -106 499 647 -239 926 580 -231 -499 4 155 -305 154 -342 31 -126 -331 -525 -215 -532 -346 -528 1089 -1588 336 -411 -394 -647 855 -368 26 350 -237 -67 -200 214 317 545 -432 -16 849 -346 -483 559 18 -87 252 449 -73 -386 142 123]
[-513 119 338 520 -186 493 42 -612 -210 -122 -26 -441 -463 -212 70 -631 -730 -383 357 330 549 -120 -51 -217 -115 185 342 -304 -238 -780 -242 513 -1231 189 -203 -564 477 178 -505 137 1143 551 260 -217 78 341 -481 -576 -150 386 250 -732 440 237 25 -286 -369 334 -153 496 -10]
[1062 615 -213 322 224 -1587 -258 420 -694 797 79 -556 -172 549 -227 -713 -7 -415 767 -52 -187 -260 227 225 456 -195 -14 521 -617 -163 -819 -353 527 815 -171 -140 130 613 -148 -251 272 391 754 582 121 -487 -296 -1405 -791 447 395 88 871 -821 55 -163 455 144 -241 -66 93]
[-173 -61 984 -62 -92 722 93 389 544 442 394 499 -669 -212 -102 434 -134 633 -133 820 -898 -419 -26 784 -506 -479 -404 -561 -459 491 -356 -124 -1259 240 34 11 -387 136 157 64 -452 -39 458 -730 311 -194 180 -1034 -603 -135 670 988 -112 -905 -105 558 769 172 -203 -108 -14]
[-511 -348 337 81 -273 719 215 -1171 282 -93 -464 892 96 -196 269 -53 -184 125 694 386 50 -43 -411 128 56 160 -373 429 -278 -111 -11 102 -386 280 116 186 -222 -659 -102 32 285 -294 217 331 -92 359 241 284 19 -668 -509 -332 -855 -121 -620 -111 -61 -546 -21 -137 -8]
[992 183 -651 43 123 319 -177 127 -63 41 -585 -512 -660 161 760 852 91 -186 711 -110 -46 30 151 344 -175 443 -84 -277 -215 242 -27 -274 -651 -918 -368 -486 272 144 23 227 573 -298 403 -52 -592 -247 461 -743 102 -53 630 -1163 276 301 -32 -423 -59 142 377 -358 -22]
[1349 -83 -4 12 -766 971 -630 121 -228 49 619 -68 -404 -280 -1027 -17 -792 -179 717 -246 28 419 1157 -241 -413 446 -46 465 -928 -184 -179 -224 598 386 -840 -72 451 -257 116 -445 -152 1158 241 -106 26 -25 -318 -267 -615 -18 738 172 667 -134 -78 76 -450 299 -311 -27 1]
[1186 426 826 -1152 -334 -286 -773 -151 531 -93 -107 -142 -198 468 -678 1239 -16 671 -151 -7 -941 -180 120 150 -579 -556 -883 -732 -771 186 756 -133 821 42 4 -694 -262 -176 209 -33 100 -501 -409 -41 -23 145 477 407 -27 46 108 945 -244 54 -703 -566 291 -405 271 -396 4]
[-619 128 -1008 497 757 12 1207 -150 -5 -481 -420 7 -318 658 1081 -52 -253 225 958 278 69 868 -363 0 -156 -229 277 239 648 -314 -320 -548 253 88 -446 65 535 -830 -649 -149 -194 -140 238 -415 -696 822 -213 -990 -145 13 272 -307 82 -687 372 470 221 -78 -168 -43 249]
[-771 689 1057 402 -81 554 719 63 426 480 117 902 916 117 -121 515 -118 -1036 -343 371 587 141 -573 512 -654 480 215 -118 -175 -387 -151 430 -921 495 -16 -683 -634 261 379 61 204 118 507 161 -214 302 297 39 -214 -285 237 -63 -408 -507 -500 -118 -594 135 -212 168 32]
[23 -388 -82 -782 804 -483 -390 -9 -422 -172 -457 -123 39 536 13 -153 -6 -473 -506 -81 -156 -731 -184 515 -75 -612 -548 -705 549 437 -494 -187 -5 -993 1020 441 -507 252 -140 -37 -482 -1058 384 566 -740 -362 -186 -31 8 -100 112 -781 1056 -507 -136 -93 57 -177 92 35 -158]
[-324 -149 375 50 -253 -37 656 767 458 420 -665 -514 -233 288 544 -848 -115 650 -421 151 559 -279 -973 -286 -1051 1003 115 -141 124 240 133 170 -868 -202 1003 -262 -480 389 -198 162 1273 447 137 -38 426 -155 92 83 -8 608 -205 40 -841 -443 111 228 -987 177 -23 -66 19]
[-404 -242 -586 51 -346 451 646 1144 -186 249 -175 120 369 -195 240 145 391 -601 -404 -585 292 416 276 -621 -295 480 106 668 144 -818 -824 883 -400 -44 561 -614 -398 236 137 -715 1241 494 265 -120 -114 -73 889 -764 493 352 74 18 154 -105 485 -18 -588 -133 -124 -159 -189]
[583 278 418 -15 -898 96 -134 153 923 504 812 -161 268 162 -829 95 106 683 -558 -221 -250 -22 362 -352 -418 61 -230 841 -477 -266 -483 -19 1318 -146 -108 61 -261 -606 28 76 -674 995 -116 247 58 -39 123 -125 -26 -48 -553 766 89 -251 -470 292 -344 -417 -367 333 35]
[769 -103 -93 -237 -354 251 41 1504 -8 383 132 -726 -237 205 -257 -328 -60 536 -836 -564 -176 -142 313 -598 -138 710 77 1153 107 589 -253 387 712 -801 -343 -137 274 532 -430 -295 -210 679 -324 -565 1192 -697 -249 146 441 -251 -315 662 124 -556 104 319 130 -223 -329 387 34]
[-729 79 696 307 -180 618 215 181 -403 167 168 181 -450 -334 -596 -105 -787 -654 -721 -41 -20 -132 204 709 -28 80 173 655 843 -766 -655 -74 313 21 -106 129 -407 -26 -337 -335 -584 379 168 -262 -168 -218 -332 -795 -108 -661 -693 -145 -275 -1388 -9 -310 35 -640 78 434 160]
[771 -1019 316 -572 193 82 -369 253 1484 -2 -443 -475 -47 857 -378 30 773 1177 -754 -56 -300 -656 416 -278 -951 139 -312 -853 -837 492 412 -65 -914 -24 -224 -526 46 -38 173 19 1231 81 1164 -479 348 -11 -382 227 -263 -124 577 -78 -214 823 -512 -158 -61 -19 15 148 125]
[414 469 177 -398 -219 -450 -365 145 -264 452 104 115 202 -121 -435 897 683 221 -652 -326 -785 -1126 129 554 -291 -462 138 -252 306 859 -76 310 1073 -491 -713 -352 -215 -86 303 133 -876 -601 -195 272 -269 90 -227 43 214 328 -496 366 -136 -160 -364 -175 514 -72 252 -212 -113]
[457 -40 167 392 -611 -451 -387 36 9 795 152 -343 277 -145 290 -426 231 -340 399 -297 951 339 77 -405 -176 667 760 378 267 581 -494 152 -76 -521 231 -313 271 1206 -696 -141 -169 46 -286 48 933 -442 668 698 294 206 77 -19 -303 254 111 344 -723 318 -131 52 -254]
[-28 -67 461 -288 -290 401 -808 -580 -763 -379 629 -417 257 -114 -44 533 -562 -170 -393 -703 -116 -213 -287 245 613 -951 -512 -494 -335 -787 68 597 768 -993 489 -435 -652 -613 -246 -206 -887 431 -1465 391 -658 810 301 -9 -147 -92 -90 -114 802 381 -830 -94 666 -356 67 76 -183]
[3 167 666 259 -1326 513 -121 509 -362 546 -293 -201 -320 64 -211 -30 -41 -225 237 -353 662 163 139 363 -398 1165 348 779 257 425 342 170 115 -361 504 -724 -279 -57 -521 -375 291 375 -311 -589 99 -154 540 -7 595 114 142 -462 -598 27 233 400 -898 -66 -565 103 119]
]