[[-117 -20 221 -413 339 -156 536 169 28 -51 186 -663 5 -270 -246 772 397 -69 1250 -287 20 -746 443 -101 166 711 -472 1016 -88 1221 -260 269 -10 183 61 38 -562 133 729 -680 211 -352 630 -284 -250 -585 104 -102 245 302 239 1002 -160 436 80 435 -386 -83 -569 147 193 562 214 -193 -67 -41]
[200 158 617 -698 192 302 273 945 -153 111 516 53 -494 143 -638 290 207 -31 134 37 152 -158 -756 48 -219 110 -531 373 -1156 405 -747 13 41 -482 -331 409 -194 561 520 172 612 125 523 519 342 -376 133 -44 400 150 214 1220 -882 -515 165 359 -933 663 -272 8 -137 97 -584 -472 -184 74]
[493 36 -1102 205 -892 -466 162 -795 -561 630 -257 677 -445 -307 465 -375 -557 -432 -124 -679 -285 77 439 286 -403 91 93 -959 119 -837 441 832 467 -102 91 536 944 -10 273 -67 212 234 -253 169 117 -151 -959 365 231 -184 -332 -773 678 -307 -574 -539 539 -66 653 167 -671 293 -67 132 88 0]
[603 -259 -150 -468 95 -638 284 -36 -624 725 237 262 -785 40 -776 -138 -260 20 -147 263 -197 271 -13 -817 -12 91 482 201 -610 -117 400 562 526 105 20 750 451 131 614 426 383 311 114 -339 541 -1310 392 553 599 -183 -292 658 -94 -150 359 669 -49 563 -167 968 -655 418 -531 -608 -190 74]
[83 165 -386 -898 400 -527 339 -71 3 283 -227 219 390 -362 -827 6 0 255 724 350 -424 -544 -535 -1150 161 397 445 -643 -64 -132 393 389 989 336 -98 -120 1258 499 -7 3 25 282 -186 -303 468 -677 -150 236 -104 -523 -420 -396 609 280 -390 167 429 -271 -274 -386 -609 646 -144 -660 -95 220]
[-165 746 466 -359 245 42 773 405 391 -271 -281 -296 7 -433 -285 1249 339 -214 1143 -126 -319 -601 -1013 186 -588 -207 -782 -83 -285 1478 -567 -284 407 -722 -291 -536 110 432 -109 97 102 13 767 1236 -344 -316 -688 686 640 -133 45 142 -557 -177 194 813 -711 351 500 -759 -41 118 -118 -257 -48 148]
[74 228 -126 -286 159 -495 -113 -736 -404 856 538 691 -1740 -48 -743 5 -17 123 -827 -599 -633 825 -327 -173 412 -612 525 -52 -421 600 257 114 363 -761 -310 676 359 -120 -162 196 556 279 228 916 138 36 -441 1227 608 437 -778 -187 352 -504 116 129 -665 372 822 606 -237 -50 -332 133 90 0]
[-402 -757 -638 -17 347 4 275 -48 782 -594 -235 -869 1369 99 -225 577 215 212 969 454 887 -278 -214 -487 -248 866 -247 203 81 610 126 -215 340 459 404 -947 -139 123 270 -335 -799 256 244 -382 2 -49 1032 -810 624 48 151 -709 -176 1103 643 483 185 -11 -610 -378 172 591 128 52 139 -2]
[-116 964 -292 -732 402 416 -459 -723 78 453 -412 -2 -606 -753 216 987 75 -411 187 -153 -442 -350 310 -1058 68 452 595 258 520 1327 -71 807 759 -506 -58 357 730 -57 -500 423 369 -454 -272 50 -352 -566 -847 983 323 -347 -399 -489 437 14 -90 -342 -45 -108 449 -32 -871 613 237 -62 23 -41]
[727 811 -107 -306 501 226 344 -52 -263 -34 -830 -274 421 -1050 -69 952 -401 -209 684 821 -42 -796 135 -412 -833 359 408 -379 313 1247 83 551 494 -313 148 723 681 1032 -25 -112 599 -447 512 129 -412 -544 43 23 428 178 -357 -265 -373 71 -88 248 287 284 292 -32 -532 257 -226 -649 -93 220]
[-155 -537 249 718 -245 -328 532 239 -29 -671 -684 -390 777 518 570 261 -697 278 -92 395 502 -162 346 377 -675 -259 352 -14 -15 785 590 356 -306 615 -293 -375 -694 -29 234 -383 -614 550 452 -142 104 329 920 -483 10 248 420 -237 204 992 447 1435 407 777 194 142 727 253 -421 525 123 78]
[-763 294 521 -156 40 105 388 475 158 -981 -218 -197 502 777 393 -8 -883 738 -529 541 20 385 -1191 275 0 50 389 -261 163 -602 543 287 122 225 -51 -807 -161 -141 -875 788 -32 200 -589 -364 546 -504 -455 485 120 -353 168 87 -434 198 761 778 116 945 -108 251 -121 -240 -156 42 -209 36]
[-42 410 142 252 211 -124 -216 253 -466 -147 227 72 -450 914 -618 -773 809 1075 -857 138 114 170 -564 637 -200 -510 670 -562 247 -429 755 300 -508 -825 -315 56 -79 -154 -633 -519 278 11 -108 148 145 366 -93 29 678 252 -535 -180 -248 -426 492 -27 131 213 136 234 589 -577 -408 393 26 34]
[-28 -525 40 -140 -296 -185 398 370 -154 -57 426 325 52 993 -65 525 -476 -41 -425 -449 334 935 -371 -580 608 167 -168 -401 -100 -602 142 -867 -201 691 -383 -186 -125 -84 -349 255 -288 862 -240 252 346 251 637 633 -761 86 613 30 765 364 145 732 -497 650 277 507 613 159 -362 366 343 46]
[-733 -72 88 649 -237 119 209 -335 145 -1247 -665 -174 864 -1043 355 -410 -803 46 -538 1406 -553 310 -462 132 -112 -627 490 418 768 -620 186 -79 556 -16 -80 -629 394 -102 -817 479 -303 -456 -958 -16 183 -463 -571 282 -386 -272 -116 -823 251 -39 549 470 348 127 497 -342 0 -401 415 172 -359 112]
[-203 55 589 368 308 193 98 -1271 289 148 19 -16 -253 -447 -209 33 324 -597 440 340 -252 -390 205 122 -42 -177 -162 951 149 1558 -432 -212 -1017 -160 279 124 -985 -92 246 -38 -625 -918 -235 252 -626 153 262 -119 376 89 616 -127 -176 258 286 220 -655 -523 -465 -711 38 3 368 -99 -116 -113]
[-464 264 705 -630 538 512 -13 779 1 -770 405 -254 -91 -156 -864 756 588 927 -439 377 -452 -87 324 -1431 252 204 59 764 -466 460 -380 4 644 193 -941 218 -79 369 -385 -306 922 106 135 510 1029 -220 765 439 -1039 -194 143 611 -196 -233 256 206 -243 254 -396 303 487 134 -223 -98 -67 185]
[-598 431 117 -1061 576 576 -563 974 852 -220 47 -265 647 1467 -511 -144 55 94 -287 -1076 267 125 -534 -205 -18 767 -30 -810 -499 167 -61 -594 336 -213 -597 188 -53 762 -690 -276 168 693 -25 498 612 1074 93 -507 -430 413 246 -579 -514 125 -249 -662 -965 415 -326 -521 419 -87 -291 367 311 118]
[-41 658 -33 -25 591 924 -407 -477 74 -181 310 913 220 -170 425 -491 169 -264 -854 515 1070 -452 -140 -231 484 -383 589 -273 277 336 -373 524 -665 36 -416 509 -63 -42 -162 -471 178 -265 -539 136 -267 1154 765 -776 -788 788 -105 188 1160 83 -734 -462 -616 -762 471 -825 892 -179 -641 603 100 -35]
[257 129 -57 343 61 -138 553 -997 -424 66 416 368 -108 298 -546 -379 315 425 58 -418 335 961 464 -52 952 9 -77 -172 1128 -747 293 505 -1107 440 144 347 -229 -267 255 -683 726 -1147 -269 -77 -147 -249 587 -200 -201 696 314 323 -416 -542 -268 -566 662 -306 -702 784 706 -343 274 -145 0 -39]
[488 509 -594 92 686 1104 -683 -120 48 205 159 759 -163 -104 816 -253 342 -1 -618 879 458 -322 -888 761 -670 -326 -281 -10 -373 73 -653 65 -379 -1142 235 283 -301 -134 115 -10 145 -410 394 279 -159 358 -217 -21 273 19 55 324 -742 -728 626 -227 -847 -540 392 -377 -1042 -746 -217 -325 -61 -113]
[532 -247 740 -29 583 171 -151 582 -279 -162 197 773 453 -466 -979 -768 -422 242 -395 889 -750 438 -462 14 177 192 -4 -19 -876 -573 -436 -1197 -165 270 -258 374 -129 1049 963 -830 274 178 388 272 328 495 523 -374 -956 -438 201 -146 -541 -435 114 -340 170 13 -641 -420 -89 -174 101 -572 -176 309]
[555 6 -944 -33 217 -376 -609 -522 -570 804 269 448 7 -1554 -48 622 -414 -328 98 442 -631 838 -728 -1346 -52 179 1013 -209 614 -236 328 -680 629 -314 107 273 1764 564 -2 -230 303 -101 409 461 -55 -66 159 843 -241 148 -840 -1409 1094 -2 293 -84 326 -162 1155 249 -865 583 289 128 159 122]
[-205 -614 293 -78 301 -24 275 188 355 -508 221 -229 563 -461 -537 -79 729 -407 317 970 -336 282 -677 -1356 -38 8 268 758 -175 187 120 -814 277 18 160 -982 82 465 540 12 -456 -634 190 35 372 -134 935 -383 365 -820 166 -429 -282 98 1019 431 235 171 -312 -322 -191 423 578 -366 -221 145]
[-317 -303 -331 347 -896 175 585 -730 -325 -304 119 -445 697 -554 374 698 -407 515 699 -192 524 -58 530 1078 -225 1007 -1031 -225 741 378 46 1191 -553 910 30 57 -400 420 545 -1535 509 -926 -101 510 -23 190 129 -456 108 859 291 -227 11 405 87 -171 520 174 -185 23 322 230 -84 615 172 -115]
[-676 -646 -122 -270 710 -782 459 431 -340 -775 304 -1039 264 523 -1531 688 714 759 394 596 36 -412 -562 -402 559 523 126 631 -306 -165 362 -198 -76 391 -318 -791 158 -511 -946 -420 -977 750 -560 -611 -135 -286 147 246 414 238 -76 -152 1255 951 495 683 -263 158 -633 -188 984 718 397 18 10 30]
[-342 458 193 -681 -405 -357 541 16 622 -461 14 -388 310 -209 171 531 -169 -610 374 -660 -420 -931 166 -2 67 90 -251 -741 -118 1373 374 -322 175 230 -185 106 -323 1100 -431 131 -391 161 48 -121 -311 231 -674 797 -621 -2 170 12 803 370 -582 529 -644 -28 156 -182 495 472 -38 -276 35 148]
[193 282 -310 61 -372 -319 -476 19 105 -281 187 -124 319 -999 544 844 -306 -424 596 -683 99 -239 253 -175 -537 228 -556 -256 -355 672 -1462 264 488 314 -99 -103 241 -60 239 482 -59 -1 638 866 -137 -317 -125 18 -379 -155 467 -149 -349 -272 -373 -364 31 -11 -190 -492 21 468 423 -451 215 45]
[-353 362 894 393 1479 -421 -15 -256 87 -109 97 84 -115 -270 30 -39 -212 363 -123 535 -1121 66 457 -1174 -210 42 1243 954 -246 1802 -136 -266 350 343 -204 90 -678 -31 -221 -569 635 -136 720 37 -71 -109 729 172 -955 349 424 62 -142 616 805 601 -455 85 67 316 123 28 561 -40 -246 124]
[-235 -472 -165 610 622 357 -395 -178 296 -261 -376 -189 -401 -193 -916 379 -313 1365 -991 691 -422 1026 65 -10 252 -749 749 1222 22 572 427 -419 387 -773 -499 9 -140 -192 -193 -461 -280 129 464 466 437 428 500 23 235 644 -460 -660 -614 -713 548 816 230 449 179 297 395 -649 -430 245 174 111]
[-443 3 130 144 21 429 -1192 -379 390 529 428 22 85 -382 1107 115 -649 477 -979 -28 344 142 -194 305 104 -701 386 -376 -135 781 -696 616 -260 207 95 -273 -15 -25 -471 486 80 286 -61 534 495 1248 697 -307 -828 565 -536 -654 71 439 -41 -471 -72 -188 12 118 -813 -388 140 145 211 -144]
[558 355 497 -216 -268 -309 184 957 -233 -343 -402 -125 331 -356 -695 327 53 -303 994 0 -537 -185 214 -526 -69 367 -633 159 -379 -666 -398 -529 283 1029 -162 71 423 625 897 -87 -51 51 529 249 -171 -352 316 -469 -453 -664 379 214 -764 -500 -864 -125 351 153 -241 -477 314 313 -222 -770 -198 140]
[417 323 -321 1040 232 -333 -339 -313 -91 -87 558 177 -633 -461 786 -839 655 113 -1215 548 -256 58 -21 964 509 -1229 -28 -224 641 192 158 -71 -340 -123 -21 -415 -172 -731 82 -195 -251 -609 -148 -43 -358 169 -480 295 -230 -153 -786 253 518 -605 683 -210 -36 -747 966 -106 274 -1062 344 -317 -102 -189]
[-269 270 -111 1034 31 -42 -37 -255 -142 -1737 -669 -337 914 168 986 116 -1241 -279 -1012 558 373 765 454 -55 -433 -307 538 -468 646 180 487 76 -327 350 68 -258 -22 -100 -1229 971 -74 -453 -371 -188 -421 -97 110 52 -451 529 603 -921 -492 759 269 7 33 669 1026 503 947 -415 475 278 -199 -42]
[143 -435 -1108 1005 -644 -462 -206 -134 -164 -85 -272 -228 -328 179 546 -123 173 -693 -598 -570 106 456 971 -617 -1048 -512 170 419 -534 138 105 1471 929 -119 -267 -298 225 -746 905 -218 -415 114 80 456 779 -1069 396 87 427 -705 450 -270 388 -314 509 462 560 662 324 1057 45 548 244 821 117 87]
[373 -337 -2 -664 337 -609 -294 392 -114 163 -353 -652 293 503 -524 657 264 -143 776 -86 111 -634 -117 -437 -601 228 316 -615 -295 1047 725 312 509 -5 104 -159 67 485 -474 44 -924 634 166 -73 511 -127 558 464 552 -367 -64 -218 624 1105 -155 793 26 362 -173 162 -368 460 158 -242 691 209]
[207 -139 -8 559 52 -68 236 228 -231 267 12 -150 -214 -528 250 -670 501 186 510 7 -91 -434 289 -294 -198 68 -330 942 137 -493 -530 301 4 212 127 -51 419 -392 1618 -419 518 249 381 -424 166 -883 449 -261 -180 -467 -279 696 -194 370 112 527 9 -676 39 -22 -7 223 -233 423 -530 -138]
[-635 142 907 -133 786 -453 615 292 -204 -873 235 239 500 -207 -368 -381 -526 813 276 562 -579 -816 -1025 -15 298 25 1002 690 -43 975 385 -974 115 -52 -760 -236 -266 1042 211 -781 196 -18 251 439 420 752 -150 -471 -218 432 -227 -169 156 903 495 494 -583 -6 15 -614 592 -186 -211 73 -204 33]
[263 -665 -68 -202 -540 -721 -76 -717 -857 1135 405 1005 -780 723 293 -255 -1024 485 -379 -900 -392 754 110 163 951 -511 -35 -866 622 -732 145 488 -635 543 270 73 336 -468 -4 201 493 -198 -367 230 502 -52 -162 724 -1063 224 145 333 940 -247 -658 176 313 -274 -247 976 -514 -191 -122 584 436 -45]
[28 -284 894 166 -1072 194 -589 516 181 -956 -335 -235 670 -597 1258 -163 -533 -362 -730 337 -89 304 501 597 -359 -382 114 -50 400 -319 -571 -139 151 293 -436 82 267 506 -378 591 -191 -564 -469 218 401 637 -153 -642 -675 -384 167 -99 -42 -455 -438 -859 1246 624 -238 -504 95 -138 349 -22 249 -218]
[-182 645 -196 26 -144 424 -67 -220 -136 -964 -266 -484 493 -1114 327 -223 30 152 310 554 -432 -600 -112 206 -88 642 1020 107 875 202 381 -324 32 -919 190 -219 459 278 -975 -205 40 -456 -239 -546 98 728 -910 -422 164 -121 -512 -793 212 532 -42 -981 -37 -319 680 -661 13 -206 602 204 53 99]
[374 108 151 164 -46 -567 715 -621 -861 74 -493 326 662 91 69 217 -972 -309 594 -802 265 -284 138 552 -136 369 260 -837 717 -300 6 429 -1264 842 101 246 49 328 -41 -244 396 436 -113 -206 -1165 548 -530 -471 -328 763 525 -137 483 631 -865 -489 388 159 277 -182 513 540 342 329 189 40]
[151 183 119 30 593 386 -342 1038 -143 128 194 -40 513 -420 -199 176 343 107 659 668 142 -767 72 -74 -696 16 72 1236 -1074 670 -669 -236 126 -576 -276 315 355 625 400 -449 377 463 807 -270 -27 -38 490 -1422 -389 511 106 777 -181 213 -270 115 -907 -170 192 -730 -109 418 -343 385 -214 -199]
[-1291 -974 -634 -665 -96 -359 -661 -19 992 -295 236 -665 1136 -154 92 -343 -177 670 119 -515 -156 368 -650 556 587 26 -424 -239 383 -1059 -69 -564 386 395 91 -946 469 -279 -453 -177 -289 -260 631 -56 677 1155 3 -407 -712 552 -240 -1052 107 418 -18 -950 534 -541 -733 -644 -42 -367 777 173 212 105]
[-312 -853 289 798 -300 778 -823 598 -281 -219 -146 70 67 778 946 -701 529 -229 -879 1152 370 -279 710 598 -100 -568 -319 226 210 -590 140 163 -574 -140 -381 -597 -679 -1170 -507 12 -605 -168 -790 -156 218 625 -49 -895 -534 -636 203 19 362 -97 412 -199 68 -529 648 -565 185 -458 162 495 -162 -237]
[583 -130 -202 234 675 457 99 -327 -272 547 441 968 -693 210 -479 170 485 -259 -169 -286 354 552 -316 220 752 35 -646 -480 -443 60 -917 -326 -605 -373 220 218 -171 341 245 -271 650 -285 129 460 -562 985 227 -522 -148 511 451 -64 167 -664 -836 -670 -524 -281 247 -70 -75 176 445 -322 140 -34]
[-536 -382 -50 9 -409 -288 -126 103 372 -159 585 -542 517 58 -332 667 129 590 986 -961 115 381 -336 727 185 624 -191 384 660 519 531 -584 75 69 170 -1003 -1019 26 225 -794 -152 -305 370 -93 -40 -10 -132 237 510 298 218 -152 29 39 606 250 335 409 62 308 444 19 481 735 644 -11]
[-282 680 376 -142 230 409 -396 401 28 -172 -363 -187 -451 1050 574 324 67 258 -210 -979 -215 137 -151 279 -747 65 -156 568 -627 457 263 738 32 -621 -344 -146 -717 -430 226 404 466 -306 481 449 184 -536 -812 305 979 -369 259 516 -1286 -570 673 93 -15 540 -484 309 -467 89 157 -195 222 -31]
[239 380 -384 -98 190 -723 69 -586 -319 505 530 33 -73 574 -795 -48 340 975 270 -448 -188 852 -1291 -10 243 -145 501 -1020 191 -386 724 -339 -86 -347 139 -748 214 -398 -465 -137 -259 12 626 967 151 304 391 400 856 275 -664 -956 -576 -312 897 481 -105 220 69 433 -457 -590 123 -429 471 124]
[-552 -215 -534 -125 42 -484 566 9 46 89 343 17 -442 134 -609 202 265 388 645 -986 -789 -115 329 36 5 377 -663 123 -1158 443 447 258 403 -38 -310 -112 -230 -338 315 -684 33 1167 567 173 642 -153 -463 1165 389 298 -104 -50 190 506 105 227 -943 17 256 322 -153 313 -167 99 -26 71]
[-61 -543 532 50 -507 206 125 557 -14 351 496 -409 -744 931 -420 -420 106 288 -935 -404 -138 277 342 473 340 391 -136 -181 -40 -507 105 -452 -40 -536 -177 480 100 272 -719 -231 290 -245 -767 266 577 737 -47 -295 -620 274 -148 -84 508 -602 -256 -223 -487 344 -424 40 706 -466 -337 496 349 -158]
[-119 547 715 -297 -77 681 -131 -663 122 -44 288 853 -684 511 -744 133 256 78 -586 -180 117 954 -146 222 243 248 -298 -672 117 -613 76 -876 -231 -302 264 922 -499 306 -537 242 361 319 -598 771 137 377 129 711 539 -321 -236 -573 -19 -427 -175 -419 -91 370 -65 -93 291 -626 -511 726 143 157]
[-259 -1158 -370 741 66 96 -524 -416 56 -197 675 416 79 -104 51 -248 -386 179 -962 254 63 264 307 467 618 -1054 315 326 -985 -327 301 -403 -893 267 277 -421 -689 -93 27 -32 -643 118 536 -144 238 1763 1031 -780 -342 679 -97 -517 727 -294 -235 -339 313 -437 -183 303 951 -131 205 370 130 -123]
[-85 8 -4 661 -53 -53 319 -547 557 -390 303 -813 463 -432 332 -177 -490 196 -257 69 -202 -259 746 136 13 -43 -589 248 -116 -611 391 -25 191 887 293 347 -67 293 269 482 401 945 -342 -664 -63 -861 298 210 -551 75 -604 857 -98 152 -73 -390 -163 -208 -536 482 47 -96 115 -120 -253 -189]
[-489 140 201 723 -9 -30 -186 -414 115 180 -259 -130 -151 79 581 345 472 -375 -115 -509 317 21 695 590 578 -958 -6 375 348 683 -335 873 180 196 -629 -847 -793 -1692 -384 -207 -253 376 -68 626 -851 631 -163 171 477 145 -360 -10 717 112 -218 17 46 -283 1052 156 886 -167 231 764 229 -80]
[-48 136 -106 -539 -636 944 -414 614 -150 323 355 -463 -744 -528 777 346 622 -21 131 -629 139 -523 161 -347 413 667 -455 757 -181 318 -1094 328 -46 -108 -583 -289 25 4 417 -258 364 -544 9 54 184 895 -85 -393 -836 79 81 570 796 188 -419 -554 36 -230 -33 123 -363 651 486 -19 67 -229]
[-233 550 -409 -751 249 -171 29 77 211 -898 -66 -42 -208 -398 -192 -447 223 10 -509 90 -307 -1006 133 -561 -382 -250 1253 309 -202 953 117 589 1472 -385 -317 601 -6 443 -258 -45 746 447 111 -7 150 -324 -802 653 -49 -299 -630 561 371 -574 108 179 -592 170 223 354 141 157 -4 -63 -56 165]
[-463 -35 621 -427 -423 -363 -11 298 -118 -559 188 -338 -512 -542 272 -462 -796 -224 405 -749 -614 -124 -66 907 335 -1015 87 534 -543 543 -521 -27 -152 -168 -389 168 -574 278 220 -11 100 -1020 1083 572 206 901 -735 -449 -131 1033 66 571 -48 -10 -663 833 -699 480 416 100 810 -414 246 384 44 143]
[-33 301 171 -985 1018 134 -351 776 440 283 23 508 598 361 -324 474 -157 463 -94 737 656 1138 -1552 -917 321 188 51 -255 -147 -415 228 -439 254 258 443 -750 702 281 -70 251 862 8 261 95 -307 8 570 286 320 161 -753 226 -801 -48 235 -399 223 301 666 298 -312 -374 -631 178 -142 -136]
[-757 -608 -52 202 136 -463 103 291 491 -828 269 -905 991 -661 -389 -566 -433 498 163 478 -391 -172 -65 -294 342 220 84 345 -67 -454 113 -478 923 625 282 -666 -30 -77 -417 421 -662 532 100 -343 349 -456 343 -406 -432 194 -310 -532 -515 152 282 -238 -23 -347 -783 -134 178 -296 284 -690 -73 254]
[-196 218 145 -101 -94 321 24 -295 64 -289 -500 422 619 271 -109 -1190 529 263 -483 -42 -324 -311 424 -471 206 -33 532 -191 147 -545 568 816 -48 13 -427 -174 92 519 -477 -246 -163 -83 -756 -1001 189 77 -366 -133 -496 -622 627 -43 -50 -493 -773 -599 615 5 -163 -124 209 205 139 -57 -401 153]
[47 379 190 197 -185 -855 678 -210 -477 460 -11 105 -444 -524 -239 -443 -711 -565 75 -358 -622 674 -516 203 65 -745 423 -15 665 -1128 287 -208 498 -144 -213 233 643 -335 -35 902 424 107 -732 385 -54 -1077 -742 805 208 -182 -168 141 412 -154 114 761 110 485 482 345 183 -17 520 -83 -347 312]
[-263 -1023 -624 -153 -1319 143 1228 -535 108 -371 -333 -79 994 164 -861 -307 350 -177 811 -370 235 307 -250 138 86 572 -1353 -1085 249 -1306 47 -612 -144 117 61 -157 -70 535 96 -335 -329 -299 -471 199 -13 134 -328 224 192 -624 437 -819 244 -3 -18 -183 601 -253 -472 -142 -93 143 121 71 94 343]
[186 -940 -718 -426 393 -655 -376 -716 -260 477 -395 309 350 319 -434 -516 109 -474 239 2 244 177 -39 194 66 -301 27 -285 -281 257 20 217 55 457 38 -472 122 -264 472 -174 -1181 -165 139 -159 -459 -85 -246 286 735 -634 142 -374 459 264 635 214 44 -434 -417 -319 -287 330 223 220 167 -104]
[277 345 684 84 192 -489 823 319 505 -35 -180 100 -440 -368 106 89 215 37 -47 -3 -422 -562 -215 14 304 -1376 257 -54 -240 1026 -921 -348 689 68 -609 -453 -52 169 -226 534 368 946 608 856 -169 243 190 -170 -807 321 -313 616 -196 -260 -883 682 -687 111 720 -748 1013 -307 -468 -878 5 267]
[497 -750 514 -18 -697 442 -143 542 356 167 84 -148 -3 -37 135 473 -387 281 -380 239 649 746 117 368 -94 31 -301 -242 -417 840 -488 -314 202 139 -360 -107 -881 277 -278 58 -60 94 552 78 -171 795 507 -313 -278 356 387 54 -803 -119 397 -332 398 1061 -98 544 355 -421 -107 -214 136 -128]
]