[[385 39 208 168 323 340 125 386 121 417 -262 834 181 269 98 -15 -736 334 370 145 -287 2 -121 -5 84 369 421 -393 54 734 97 -272 -663 -200 24 190 407 -234 -365 -457 -245 342 146 934 -112 38 274 45 309 685 475 393 -196 -202 322 39 -225 -225 -633 968 667 265 -288 -655 349 144 0]
[-100 -403 62 -473 112 -263 540 191 -252 -678 -260 269 -64 903 224 146 656 -401 442 -362 609 -35 122 747 97 291 -119 969 -315 388 -60 -316 -321 686 -1030 -103 -226 -356 270 708 -1024 -425 -316 -337 206 243 858 -403 224 -104 181 614 -649 273 29 -117 185 168 370 -478 -930 161 281 -60 -39 -136 4]
[-828 -639 334 149 99 86 91 -197 355 45 473 1762 318 -11 102 -56 54 233 433 -80 447 -268 122 -30 -321 73 31 1129 -520 235 53 19 -846 124 622 -33 -223 -828 194 485 144 -318 11 -212 -431 496 550 -394 -262 276 -621 464 -306 -738 185 59 51 69 -154 -267 -82 375 -758 405 -252 -190 4]
[522 -174 602 204 140 -252 912 -97 -410 -474 -2 -6 -305 687 783 -411 139 -122 -334 46 -319 -108 -93 558 773 385 -46 -266 199 -111 -188 -528 516 -175 -621 -86 317 82 64 194 -832 -932 782 1225 -51 -199 571 848 346 -292 326 323 115 -277 205 97 260 405 -253 747 1014 -78 662 -419 250 190 -4]
[758 636 -450 413 673 51 16 1252 135 -152 -456 -92 -25 543 132 -242 -310 170 146 -41 944 -86 112 10 -154 -889 733 0 316 196 124 340 -417 -143 772 442 680 147 -524 -649 -387 -185 -401 -33 531 -181 -112 -1205 114 653 765 250 -312 857 -184 -23 370 -490 -411 207 -98 -187 -111 -209 427 24 -4]
[724 801 -778 38 275 547 379 1012 -352 -190 -958 -371 -691 743 -215 386 -59 -576 130 624 304 -441 90 -55 -335 1027 231 497 -83 171 -391 -88 -703 219 -378 35 580 329 -222 -16 -927 -20 9 389 444 -507 -51 -1225 41 973 -81 -15 -189 739 147 -186 1394 67 -803 478 -1 -217 285 -1268 145 143 0]
[-377 920 182 -174 -559 308 137 -838 -376 -74 -1009 -153 -974 -483 -255 783 1229 -16 -581 550 115 685 -210 -607 -294 676 38 -642 131 -174 -359 232 346 582 -614 125 -101 184 441 -184 243 582 -346 -175 156 -539 -7 -568 163 546 269 -409 -342 575 162 315 202 -16 480 -963 -439 -521 730 -462 143 189 -4]
[359 -670 428 -333 28 -546 -73 812 1124 -558 -109 303 358 49 -900 509 -599 268 700 -241 -62 -73 291 -478 -277 1124 57 987 -836 70 153 193 -225 104 -18 -297 -18 -725 -170 392 -713 322 126 25 313 267 -443 -297 -136 376 -1137 -1 -808 189 356 -689 1004 188 -129 177 -70 794 -1012 -630 -305 -73 8]
[-36 379 -697 -220 245 291 280 -77 -181 361 -35 -1206 784 711 832 -456 -2 -221 481 -326 -240 -205 469 1183 -364 -513 153 -303 397 254 -124 -324 -271 -422 -491 132 -358 130 40 84 137 330 469 -133 72 20 -23 230 -150 -1511 -2 530 644 156 468 -13 -993 -666 -190 701 246 263 144 207 266 -497 30]
[450 -65 392 -232 -456 290 117 -331 -135 455 -441 626 -290 -527 257 545 -185 -534 267 76 12 -204 -321 -194 161 1173 -669 -214 138 443 824 -929 -150 721 -848 84 81 -106 -477 104 832 114 -265 70 -153 238 1005 -204 344 612 1019 -164 -82 -150 160 1231 -601 -39 287 112 -200 927 -42 -551 73 -135 4]
[785 -506 253 -802 -524 87 423 716 -152 62 -411 -1019 -277 56 -1170 982 -23 -599 -182 -336 -679 -273 -234 176 721 1327 -349 578 -429 -505 699 -42 106 644 -818 373 -579 -325 9 94 -785 311 -63 -436 406 -83 427 -368 259 588 68 -814 -405 985 -489 436 715 305 87 -681 -171 776 35 -912 237 177 -8]
[-2 514 -497 436 580 529 -626 109 -397 -227 38 -920 20 -222 216 -385 -148 413 -703 -399 -974 49 116 610 -259 -1805 674 -169 724 -808 57 256 -122 -452 997 22 273 -331 241 -535 -151 415 415 -235 -233 -458 281 -513 -170 162 -456 120 62 -130 -125 -374 -309 -267 -491 82 -59 170 -194 805 667 -95 -1]
[-174 328 27 -409 126 -186 -504 -434 -1517 342 -49 -385 -1453 -149 -636 -276 118 515 -685 -269 -1332 202 -127 972 523 746 30 -760 79 -695 -157 1 -57 -37 -456 -670 -164 -70 18 -205 -821 -100 545 921 -288 -323 294 780 -348 312 86 -505 460 -206 -186 -8 363 557 -110 550 -1 -702 895 -277 346 714 -31]
[754 -410 63 87 -512 -480 -32 -296 349 -464 291 -991 459 -390 13 205 420 -342 -311 -18 -622 204 563 -520 893 -169 -717 -141 523 256 292 -609 868 -95 -325 110 720 -548 -559 129 49 51 -289 -42 564 796 709 419 282 395 381 46 -165 -891 97 -42 -609 611 678 -163 -373 918 -77 676 -50 -281 4]
[224 -417 -1159 -606 29 193 201 98 9 528 183 -539 260 139 370 332 43 -400 360 115 -1123 -304 457 1075 393 645 -49 762 743 -4 905 -633 -524 555 -806 467 353 -477 -198 63 -366 401 -128 587 17 408 222 -3 -52 25 537 529 335 -455 588 1059 -671 99 -262 587 270 1270 -42 -69 427 -134 4]
[253 -399 469 -526 -254 -231 -485 438 -635 -839 -419 -96 14 884 -383 308 22 -70 -508 -348 -329 740 -665 18 240 -190 -58 -362 -167 35 398 -546 -298 397 -494 216 -180 -274 298 191 -980 224 -726 -355 197 -790 956 -727 554 977 -321 -72 -149 859 -819 -1057 174 -118 164 -433 -698 35 -4 -206 97 176 -8]
[-669 849 227 -487 -10 -364 -90 -50 515 677 161 -363 103 -231 -279 -211 -353 -127 452 6 60 260 -107 -180 -860 481 116 -743 -1093 759 -697 647 -132 -577 -399 -226 -164 559 -349 -451 23 542 -74 -79 629 234 -1081 209 -207 -406 -667 -138 -490 -432 838 -396 -601 -685 170 285 216 -372 236 -365 -69 -84 4]
[881 324 462 304 -543 387 -1050 -317 -552 291 -1114 -336 -526 -894 -707 -44 -451 150 -703 285 -95 325 252 -801 457 121 -862 -949 -75 -440 542 -356 466 76 -169 -449 -32 -16 -458 -762 657 1254 -424 -228 71 -165 505 -64 17 433 -150 -804 -260 717 -111 670 -111 347 693 -300 -1134 470 -231 164 -7 -240 21]
[-22 1007 465 -177 746 70 -124 247 -46 -472 -1141 437 -454 504 482 173 315 750 356 -674 317 432 65 -398 -1060 -87 1272 -785 412 -289 -925 416 -243 313 -133 -629 205 -67 -294 64 227 331 1082 712 -361 -510 -312 320 -127 44 822 489 -688 245 137 -629 371 -30 200 224 -31 -623 52 -837 147 155 4]
[457 580 413 -211 -83 203 -14 -35 351 -191 -878 -309 -247 320 168 227 150 -230 -281 178 -164 247 319 -1184 73 967 118 -361 -200 548 -1193 67 106 -329 -1046 205 45 833 424 -426 -632 1163 694 1025 2 -78 -80 709 -113 140 -475 -251 -503 167 1130 -619 80 -12 347 340 720 -51 219 -1006 -71 115 15]
[-1105 -41 -37 -804 -269 203 13 -187 434 -734 589 -55 70 -216 612 818 396 -368 -9 -553 -185 380 67 -236 -561 94 -55 1633 70 -28 246 -571 -366 422 -351 -252 -61 34 734 725 111 -216 87 -447 -437 -126 114 -897 -182 248 -1312 259 6 -135 256 -315 -82 -268 156 -305 76 209 282 -288 -271 48 -10]
[78 98 913 -414 556 -757 680 -204 -141 -716 -541 -1159 -9 797 -46 -755 816 -235 -540 -659 21 567 266 1556 -199 -81 -238 -776 -241 -536 235 407 251 9 -201 -349 -673 -954 30 -211 -835 -591 304 -26 515 -274 608 -329 222 -435 -287 227 -755 58 405 455 -237 151 487 -306 -512 292 272 255 260 -579 17]
[-529 762 -467 -11 388 -173 -115 -100 -570 28 101 -132 -1002 -461 950 -397 9 60 261 -181 -457 190 516 955 -392 15 -97 312 -22 -590 -365 -440 73 222 -923 -412 108 678 346 -353 -854 -240 674 857 23 -124 -532 -27 -276 -150 -779 278 589 -515 890 -64 -42 -3 -224 364 -24 -218 618 368 672 15 -11]
[56 6 571 291 -332 -587 -206 -313 701 -1016 -138 82 80 -94 -306 174 -157 205 -439 -162 129 584 -562 -520 -80 -663 27 -469 74 1225 335 -281 -402 -178 -122 -506 950 -702 -842 161 -98 -142 -907 40 1044 -55 800 -1093 570 1104 -33 701 -936 36 86 -355 94 -550 35 220 -554 445 -479 181 286 67 -11]
[-564 44 -93 -512 203 -440 -638 -82 132 -326 -19 763 -724 -171 283 192 364 474 -329 253 231 -72 -161 -33 283 -147 451 274 -30 -1215 -92 507 125 620 692 14 -124 -337 246 558 -585 -554 -95 -181 -848 -454 -405 132 -149 47 -629 -201 225 -411 -116 -228 1028 561 183 -961 -356 -419 238 423 -324 139 -4]
[-39 213 -994 190 -86 -144 -61 14 -552 715 -349 930 -736 424 -404 33 -130 311 563 532 1014 -720 165 -120 -105 210 274 153 -261 -38 -851 448 -681 521 572 -313 -204 -373 -809 206 -719 156 -427 383 -11 -70 -944 -21 -284 348 203 400 390 374 -54 130 1259 184 -604 -24 -126 -690 -390 59 -322 45 11]
[-323 -74 777 401 -1438 -396 -271 -1126 1137 -260 -11 368 326 -762 735 352 255 475 -491 -260 448 252 481 -1427 313 -901 -558 47 237 45 59 -180 994 -288 555 23 -71 -18 -667 677 1114 659 -409 -225 -104 344 246 322 -112 -323 -347 160 -469 -382 951 380 -518 -231 757 -836 96 811 -240 576 -473 -343 12]
[479 128 676 813 -745 320 10 -156 -619 -559 181 -206 -335 -95 -37 192 -291 619 -1025 -268 47 606 -285 -1006 392 -1004 406 -205 408 -282 252 -392 927 -154 956 425 401 405 329 -552 121 129 -135 -194 20 -891 89 -404 439 274 -310 -156 89 659 -678 -830 501 -170 -890 -218 343 -108 122 -46 23 130 -1]
[-165 -518 201 -280 26 87 -207 161 991 -129 -21 616 484 -762 -372 414 -469 -192 46 -316 -784 -127 -335 -385 181 -509 -175 579 -216 327 298 255 -538 -18 504 101 -35 -379 -154 354 910 -475 -74 -666 -123 392 535 -8 65 897 367 245 -1337 -527 -716 230 -58 -343 98 -976 -152 368 -435 -182 216 250 -30]
[228 -214 -113 549 -259 927 476 -663 169 60 -789 935 23 209 -189 243 319 -65 754 964 178 590 -164 -385 549 394 -852 -581 -593 1045 -701 -426 -416 -149 -1150 -556 -526 -157 340 307 -325 -197 -114 348 57 211 23 640 621 -286 -50 594 142 -227 399 -333 494 352 -39 -464 -453 -577 522 -122 35 -110 11]
[-578 631 -352 432 334 350 257 277 99 342 491 -465 -141 250 -321 -310 542 636 -174 358 -355 -998 123 809 -767 -37 527 486 -160 -1156 -700 819 82 -625 607 -53 -81 605 198 -27 -61 31 1007 -111 -130 46 -356 -175 -534 -573 -783 -978 78 165 -219 -288 543 113 -688 293 605 -1059 105 226 612 433 -8]
[313 -353 96 -98 134 -497 762 -516 927 -57 234 -114 649 342 203 97 -446 -451 326 675 -509 -693 -284 342 -29 1493 -606 -66 -353 56 602 -673 498 446 -393 -91 -210 -72 389 533 309 -381 757 608 -498 -303 -815 802 252 -788 -514 164 420 -1 184 -17 -131 -235 -1034 768 789 430 -647 -649 -284 -388 45]
[-345 -403 253 -695 -434 -226 711 -1150 -39 -451 -395 -686 -33 124 -104 576 1001 -151 -45 17 220 600 53 537 240 587 -416 -592 612 33 31 -235 68 201 -903 145 -459 -438 280 -345 -51 197 -194 -82 317 381 518 -652 386 -163 352 -213 258 535 -67 495 21 -11 693 -402 -508 -118 -169 748 108 -96 21]
[869 710 -153 492 271 -830 405 370 306 -715 340 -1047 155 -101 420 417 -630 257 201 -220 -945 532 188 -218 47 -766 419 -595 361 -406 511 75 1367 -311 515 233 1127 -327 -399 -942 17 -565 575 680 607 -293 -1208 -17 45 -241 137 838 298 -150 -48 -438 122 -568 -632 417 954 501 -57 -17 679 -4 20]
[-723 -123 -136 -929 -53 -603 -1186 231 277 465 1350 223 -403 -249 -156 109 -672 378 -285 -962 -479 -186 -293 170 15 -854 83 852 -599 -715 731 591 502 -26 1023 -811 -203 242 28 133 260 134 92 -448 -983 378 -521 538 -849 -530 -922 -380 -315 -397 260 120 -15 -110 406 -608 -56 196 -11 447 -352 216 -13]
[108 -333 19 160 296 -89 -285 -412 91 -656 -465 -284 -336 -147 -1051 157 732 82 -495 247 167 598 -321 -138 671 284 188 -446 -211 -163 576 448 356 529 -924 -95 397 -544 -41 -219 -155 794 -934 41 1039 324 -158 -60 -72 -555 1083 2 -719 749 240 709 -153 124 744 -615 -1169 387 288 264 416 8 24]
[77 534 -252 44 252 765 -172 -199 -725 415 -483 -67 -743 -82 -424 158 226 -174 -220 -998 165 -330 -97 -193 64 -478 -527 573 347 -589 134 -23 -760 527 598 -461 -1125 113 -369 72 497 486 164 -302 -584 181 572 -213 -451 699 343 -301 -139 284 -426 630 72 -249 -154 -986 -1091 -216 53 -146 158 83 -14]
[-395 -48 615 166 -261 -108 843 -8 281 100 -641 364 450 91 629 -80 -398 -587 -285 -104 470 220 -171 -178 -214 -473 727 -145 179 -46 729 415 -192 149 396 680 9 -10 207 -1338 743 169 -291 80 547 -540 -264 -678 448 51 378 539 -743 1259 -276 1525 -481 -788 55 -150 925 603 -354 -115 98 -195 8]
[-536 662 295 -125 -457 -755 347 -448 -374 -320 -23 -293 -1024 -598 173 120 401 -39 -292 -642 408 98 85 -30 -226 327 410 258 -99 185 46 191 318 323 -487 -19 43 554 114 -171 -447 -467 -719 -552 434 -242 -498 -828 -81 266 269 197 -359 1332 -30 88 10 -557 -76 -416 -653 -519 653 -130 -246 322 39]
[271 -222 31 401 -463 1365 -305 264 -730 1 -219 538 -109 136 -400 700 -103 -206 -682 423 -14 -256 -531 -334 154 -425 -647 542 -75 1 45 -436 333 419 -125 -265 -613 469 705 217 207 798 14 -177 -882 -258 930 -134 586 508 -19 -470 95 376 -473 934 51 248 -42 -283 178 94 281 -317 176 -43 -68]
[286 530 -1154 113 724 20 -124 298 -210 328 121 -1265 40 375 414 -1102 -419 -237 137 427 -822 -115 -418 802 -871 -646 -124 -719 57 -312 -49 227 249 -396 296 -241 -204 904 -154 140 -578 293 104 621 24 -976 -1375 146 -199 -618 -645 2 70 53 446 -211 67 -448 -839 818 823 -859 385 -377 218 153 64]
[162 857 -174 -413 -192 1204 787 -252 99 346 -1283 -72 -10 -530 459 1109 162 -408 147 119 348 47 440 -66 -26 957 -225 85 45 769 -264 -895 -163 789 -1311 211 -337 118 204 164 376 1224 -50 -59 -481 -108 140 -353 607 690 484 173 -323 464 1141 420 -404 -710 -430 -191 -746 385 369 -1005 382 -457 15]
[-183 149 -432 109 -462 -17 214 -831 231 966 -736 -982 -166 -1554 -726 694 239 32 106 374 -93 -347 494 322 -153 657 -441 -117 506 -804 -209 431 169 83 275 146 -564 -798 -170 556 1049 1203 -56 -623 350 36 -583 -140 -182 -189 128 -875 675 359 386 622 428 -335 80 -285 -261 323 -702 430 334 -119 -4]
[-522 16 -701 267 704 56 -598 324 -354 428 188 645 -619 72 -320 -862 -234 -302 -169 -200 599 -1109 552 1359 229 -626 -121 763 -691 -307 -266 531 -462 270 922 -71 -743 456 514 -71 -504 -680 105 -948 -469 399 373 -30 -658 142 -277 -617 -74 -53 47 -2 251 117 12 -701 -633 -364 178 741 -68 -201 -108]
[-103 206 -26 -136 -253 683 -414 297 975 11 -426 521 442 431 -223 419 -213 543 424 -367 505 225 -225 -1019 -897 513 607 -389 99 272 -547 -141 -1371 -323 359 -348 -105 -116 26 178 656 124 637 37 -78 -126 -665 -737 186 46 -1101 52 601 -98 85 -1149 1111 -33 -542 446 -308 -157 -988 -27 -485 -202 101]
[-874 -236 -670 -484 49 423 -172 -556 -690 549 31 932 -619 -163 -535 25 146 187 102 -61 -506 476 -1263 681 -856 768 184 -390 212 317 -99 -67 -1233 651 -48 -321 -915 122 312 -220 8 -182 -834 263 -185 -104 -5 -654 42 1160 319 34 -19 181 -284 441 37 -117 -555 -106 55 -1074 197 -351 380 721 40]
[379 155 221 535 413 97 887 237 -105 -575 -737 351 308 651 1113 409 619 -132 459 101 -40 -42 -3 936 63 168 585 -509 897 93 -137 -533 292 9 -23 417 790 -728 170 204 265 -358 642 360 -91 -159 736 -110 471 -308 1186 397 380 83 202 146 177 2 68 327 719 608 475 -449 504 59 12]
[-365 -194 -954 -328 -281 473 -361 -730 188 34 308 -786 410 -577 577 363 16 -174 -144 557 -741 -1145 -163 160 -88 -569 424 -60 630 -517 -203 214 277 -654 282 -54 -185 252 324 607 470 549 747 -272 -635 -102 129 291 -147 -752 -719 -557 358 -466 98 312 61 -372 -188 183 454 277 -368 949 215 -207 9]
[-282 -224 -5 -236 -362 -153 -580 155 411 253 -461 73 230 274 -237 284 144 -694 47 275 461 -479 31 -280 -509 890 -502 -233 -652 338 175 -1 -846 344 -569 -371 -632 182 120 810 -137 299 -99 -557 -88 123 252 16 -46 213 -945 -366 442 454 384 -300 -101 353 746 -710 -846 490 -724 89 -579 -591 -30]
[-646 799 -992 -86 17 590 -297 -8 -526 809 389 -192 0 -87 -380 250 -463 -871 391 935 99 -225 41 -609 -877 230 -10 351 -693 -164 -470 248 9 -508 643 -391 432 -16 -611 187 1080 393 78 -381 368 148 -1311 -459 -769 220 1 -71 314 -502 -172 -213 -477 -175 -540 189 321 -520 -65 -232 -446 -329 63]
[-826 269 -370 -112 -272 755 -328 -524 -337 506 207 -32 -403 -612 -1484 683 803 412 -421 63 227 352 -136 -685 -424 173 -311 -348 -285 -136 -462 507 -428 63 736 -1238 -191 -869 200 -338 1148 614 248 -173 -543 406 -550 -111 -434 774 -25 -661 127 177 -452 -394 54 561 22 -319 -270 -924 -10 -172 -656 165 54]
[1124 -546 23 936 -437 -41 307 148 -305 -499 80 -1317 -446 389 -467 -33 294 78 -888 -584 -21 -812 282 55 1506 -739 -520 454 166 -559 387 46 776 -456 162 -381 105 -2 -264 17 -489 -471 381 29 128 177 965 407 -103 -416 -29 -840 269 821 240 443 654 528 354 -148 -193 227 499 405 9 307 26]
[311 -936 1224 662 -81 -108 550 -851 194 -509 -184 413 388 -327 182 -36 -185 441 -533 -51 -484 340 -319 -395 -235 -169 391 -163 355 -511 694 -55 180 -209 397 158 -262 -1474 558 274 274 156 380 225 -273 -559 422 24 -26 -151 -613 -7 37 227 425 58 -565 -144 5 753 1495 1200 -909 136 106 -164 169]
[831 1000 -787 706 538 -141 -1151 543 -38 -11 -99 -880 -382 380 -783 -405 -574 -303 -625 380 -41 70 -278 -834 122 -1167 69 -1003 -176 601 -351 504 422 -667 1028 -243 757 308 -128 -1214 -559 738 -591 -248 302 44 22 -93 187 683 163 -303 -808 42 -140 -470 -263 -31 -164 -62 -400 -284 -6 444 280 102 51]
[-20 -469 660 9 -507 239 -670 424 30 299 589 -38 76 -191 -476 416 50 611 -355 -778 -913 -18 188 -153 6 272 -176 341 305 -749 1168 -629 -236 73 -35 64 -328 14 -539 694 781 266 435 -23 -207 323 375 449 -99 482 257 -880 620 220 -1050 -349 -615 432 271 200 14 546 -345 -311 -89 310 -89]
[353 -92 59 46 -445 712 278 -290 333 447 -219 257 -434 -108 -326 181 352 -311 4 830 -717 -145 -350 -871 66 1032 -183 -51 -312 -216 422 -183 576 17 98 -318 -88 545 302 107 218 771 180 318 -304 -463 -647 726 -97 -266 -216 -504 -341 765 410 594 31 338 -413 -48 1323 199 338 -1123 -37 327 63]
[-306 -716 301 -606 -368 -356 46 154 305 323 -505 582 324 317 -767 779 306 -100 266 693 -36 267 -722 -832 552 1010 615 -206 -7 -202 168 18 140 759 -1076 523 -44 -200 203 25 -650 846 -976 541 164 -164 -400 682 734 351 639 -282 -365 423 -465 187 -256 341 600 -258 -337 128 -67 -195 -271 270 101]
[255 -270 -730 145 -400 -109 -771 200 543 22 381 73 -591 -1132 -579 328 -355 424 256 -12 -84 -138 379 -952 -208 764 -682 521 36 -425 -649 -200 739 299 356 -862 272 762 163 144 680 71 -154 -298 -108 363 -1392 505 -317 -185 -296 -787 -48 227 -187 -417 796 665 -303 -494 -316 -819 -43 -92 -663 124 -13]
[-3 402 537 -123 -234 -650 -11 340 863 592 62 -552 -405 -895 -361 32 22 523 4 -665 881 546 -183 12 -418 -409 516 -979 320 -308 596 1082 172 117 340 593 -632 263 271 -1102 130 166 -391 -390 967 93 -674 -567 51 113 807 -840 84 1117 54 1146 -861 -978 643 -188 1053 302 -510 155 456 65 -223]
[486 178 737 16 544 -445 -313 322 159 -294 -902 17 -406 749 675 -153 584 188 -762 -197 537 49 252 421 115 177 116 -758 912 -274 521 -152 583 692 -568 365 47 270 -106 -183 142 252 748 912 -113 -774 592 -80 66 -120 794 -347 45 248 492 546 -164 524 164 -72 -159 540 -87 -306 588 -150 29]
[219 401 -369 -312 98 813 298 179 -653 -211 -204 -906 -381 -109 160 342 884 -797 -724 184 -25 770 -59 -438 -58 -565 126 89 644 -300 287 -125 247 551 8 308 363 252 -89 -263 201 -876 -137 -288 270 -70 359 -972 359 1007 1042 -197 -392 -526 -867 619 -589 407 151 -1123 -215 -151 559 -22 204 -122 -131]
[261 -953 239 297 235 -962 900 120 1020 -1269 901 -45 579 132 -106 -130 347 -571 1061 -415 1386 140 474 25 -235 -69 -744 577 178 311 -60 287 879 -260 517 85 -36 -216 -301 202 -187 -842 -533 -669 600 877 3 -358 37 -417 -292 -213 -57 -747 532 -557 -51 139 621 -233 -331 713 -559 880 68 -740 -28]
[628 -294 -185 63 -522 756 534 -428 -347 257 -466 -312 -32 649 -257 1065 170 -468 -57 521 -243 -64 -350 -585 61 626 188 68 -113 106 -293 -44 -11 713 -992 -522 211 -85 -177 -309 -415 819 46 469 64 -136 -267 790 642 -185 371 46 -730 579 0 375 964 1064 322 -96 268 -78 182 -16 -309 88 53]
[-231 -103 62 -196 -8 603 -560 -767 37 -164 -955 -251 446 215 287 19 -733 137 -292 185 -124 335 -417 -504 -168 -9 -568 -848 464 851 -106 -809 -4 92 -367 -305 -83 517 -42 493 386 1780 -452 144 -739 -732 -87 28 371 168 -614 409 -219 1063 471 -316 -765 -536 29 147 -514 -44 -386 -500 -497 -272 -44]
[-492 653 240 -286 -334 351 -78 -964 -905 988 305 624 -978 -614 -547 506 174 -244 -177 190 -693 -602 -528 -33 -3 761 -225 -377 -361 -686 423 217 41 230 382 269 -393 111 119 -94 743 240 96 -235 -605 -150 117 119 -457 362 -113 -935 -62 -279 -367 709 -118 52 267 -598 156 -343 588 -227 178 558 -125]
[-500 353 -26 457 251 250 -313 442 -190 328 -709 1547 -568 344 -67 -264 292 422 100 574 1101 118 -227 -206 -558 97 744 997 -378 -460 -240 -37 -763 1258 -407 -191 961 386 -81 -371 -345 54 -561 280 464 -362 -165 -953 197 918 214 215 -948 64 -440 -60 726 981 -33 -537 -805 -412 94 178 375 63 243]
[-902 -124 -380 577 -245 942 -204 -438 242 -15 -203 194 471 74 -184 -208 615 -532 473 873 530 -452 382 -615 -104 -889 93 20 -38 437 -744 281 -583 -205 -247 -485 -278 -339 -472 928 196 701 -459 -491 548 250 -88 229 172 -770 433 415 -61 -552 27 -251 -74 533 694 -529 -888 -452 123 843 -420 -652 -127]
]