[[-319 76 133 -110 -782 612 -102 146 25 -465 -551 435 255 -225 -21 655 220 -78 -291 -296 -297 -417 -264 -248 221 413 537 -64 100 860 -96 -176 274 -489 -657 594 42 276 -429 -545 438 -631 758 -66 470 -304 -478 53 -289 -303 -342 198 122 -452 -912 -142 505 350 134 226 -72 -255 -237 1]
[-452 292 266 -200 726 154 -215 -216 -166 707 -221 -634 -262 288 253 -716 505 -64 -230 242 271 -85 -18 690 -18 441 209 986 -284 87 724 -187 655 280 259 -342 197 652 63 350 217 -594 -738 361 405 238 -553 -188 -140 -619 179 -388 34 -51 771 -303 -196 -365 -59 -340 88 214 212 -9]
[-139 283 111 -162 -435 -302 -68 735 222 419 694 510 1111 -158 -487 97 485 -190 -334 -427 276 -110 -726 -516 269 -12 918 -230 -767 -518 249 636 230 61 468 106 108 -868 360 -585 223 -486 479 418 594 -372 -92 197 -146 436 230 540 537 -311 10 -119 -13 980 18 287 93 -144 -231 1]
[-180 -574 165 178 -265 -1026 292 -330 402 -389 -255 2 -632 -65 14 -580 82 416 147 260 -241 -114 985 401 -474 140 -179 -326 290 -904 -774 -464 -1169 453 566 -767 176 76 -118 -411 578 118 -684 -1086 -782 -59 1043 -328 -383 -332 -25 -54 -22 16 230 411 -89 121 165 -6 -229 -224 99 4]
[-209 332 -328 168 -534 -63 70 161 909 263 566 210 24 -902 -533 111 655 733 -335 -650 218 -502 379 -513 -373 266 10 376 185 -1160 -136 -157 12 0 -87 111 169 -79 314 -394 921 -894 648 175 -967 -329 334 41 -349 592 -157 459 373 -337 -129 92 752 1977 415 -339 343 -591 -378 6]
[565 662 -430 -42 -174 -507 153 551 -540 -339 -178 389 479 427 767 443 -151 -372 351 -763 178 280 -1498 -522 -382 131 -468 -497 -26 1325 -576 915 404 -422 250 -48 -358 -192 -248 -759 81 804 377 -258 513 -880 -355 1 97 209 -430 584 466 -269 -752 354 -373 88 -54 769 -320 117 -99 -4]
[-786 -1217 199 -157 -637 27 194 -679 453 -707 -403 971 884 186 -1233 -65 607 -529 -161 603 -93 101 -505 -59 557 -240 446 -707 208 -275 -915 -204 -792 -187 -458 -223 426 -384 231 -665 349 -17 29 111 -48 -410 514 14 -283 -905 415 -393 524 -469 -39 228 95 447 -365 619 -98 -478 -138 5]
[-114 33 -375 539 -399 -948 395 626 167 642 21 -356 -604 -127 843 -940 263 -64 -260 -315 365 111 -184 -14 -952 391 -163 -630 -777 -316 80 1459 -417 12 835 143 -405 260 414 -676 -233 -369 -357 -1107 217 -766 803 -25 -546 -96 -389 -271 188 -12 -41 69 -296 55 -102 -443 -147 -234 -4 -1]
[87 47 18 -278 -262 -765 512 878 346 883 366 -596 505 -938 115 -331 174 23 -119 381 -257 703 676 -951 -621 -152 -166 -375 542 -893 -746 121 -601 -67 -46 609 -251 -314 680 -580 826 -141 590 -550 -364 -36 875 -290 -197 504 41 405 -190 -117 -19 53 489 774 251 -257 747 -533 -30 9]
[720 423 -485 -308 -39 335 -91 -645 95 -902 -247 815 569 -191 83 488 -854 414 -256 -175 461 -399 -281 80 -120 105 -515 -550 -581 -229 -462 316 361 -442 341 -640 -58 197 -258 -498 -415 1038 -151 94 -292 398 358 164 766 366 -270 93 619 299 -270 537 -200 -864 128 525 -434 181 -23 0]
[332 -108 887 394 692 -916 50 1221 69 446 1091 -434 645 347 323 -902 98 -725 126 834 300 816 -664 -64 -20 -409 644 196 -59 -387 1179 447 233 314 12 1105 -519 -366 128 -66 -764 711 12 60 986 -688 277 135 144 -234 420 396 -851 125 338 -70 187 -53 -330 -67 -186 256 160 -5]
[-211 655 5 314 256 -1317 102 -139 -170 14 572 14 -1144 183 -456 -509 593 355 1099 70 186 225 -544 131 -508 342 121 688 506 -472 -151 -494 -147 519 -611 -174 -146 -114 -181 -364 261 440 -912 -743 -153 -638 -104 274 389 425 245 411 -773 -290 450 133 -506 -98 173 416 -305 140 240 -1]
[910 311 542 138 -449 225 -508 1049 43 -159 730 69 577 -515 142 287 -161 -113 -544 -699 -763 104 375 -194 243 -912 156 301 371 155 -53 342 335 293 -29 681 -15 -492 -289 -589 253 611 1145 926 -729 -976 -284 -207 296 636 82 638 258 506 -849 57 440 698 -511 -109 381 192 -334 -3]
[119 -453 43 34 -298 328 -177 -1179 -21 -703 501 766 707 543 -140 -356 301 -351 -478 275 196 -340 -429 639 -230 3 273 663 183 -182 -102 -490 496 197 360 -715 140 -104 -340 -768 360 1231 -563 -305 -483 -1305 213 238 348 -560 -467 433 782 595 -71 251 -58 -155 -390 370 -481 587 -53 -8]
[-503 -620 177 417 422 133 -21 -51 -10 94 -212 -287 457 -41 769 -887 370 -958 -286 -92 -639 407 39 -269 -120 -653 -605 472 971 563 -142 472 609 -297 -411 173 -19 801 175 -469 641 572 49 -36 -630 -1251 597 -345 -681 -788 -1369 -340 540 -798 -96 381 589 11 -143 -272 584 104 -101 -4]
[49 -519 232 345 -992 -200 359 -62 449 350 212 -160 -329 -922 234 86 220 614 230 234 -756 109 596 -5 -434 -170 -580 -196 -199 -704 13 -104 -1028 1037 501 -321 -13 -636 153 -461 178 -481 356 57 -254 -443 154 -236 -499 450 690 -404 777 911 -129 379 78 538 10 -796 87 -243 -142 5]
[-986 -63 1028 -50 -228 -225 158 -304 349 121 -67 -175 43 -733 548 -903 973 -646 412 218 -50 600 -538 -3 -714 826 67 564 480 63 -19 -106 -512 -172 -1108 229 -201 620 -26 -1253 848 323 197 -917 612 -1273 1010 433 -309 -567 -289 -283 394 60 76 104 -158 33 -340 -94 217 67 -4 0]
[-693 284 493 -743 -248 42 -420 205 -401 -403 145 -780 -19 -713 309 -839 -32 -250 29 841 -821 -234 558 -337 -836 344 542 944 -253 286 367 -130 509 262 -578 369 -200 562 -709 -931 521 648 246 -766 756 -166 234 -64 227 -677 -798 65 162 442 -172 622 -81 -1442 226 6 -46 542 299 -5]
[21 -54 456 515 -131 -267 248 -129 -240 -194 228 589 514 33 -431 -966 92 350 -487 653 -243 -185 117 632 567 279 533 -588 -790 -849 24 79 -34 1169 1175 -752 514 -533 149 -729 -472 -705 -631 678 -270 -119 -242 323 797 -50 469 -607 41 257 591 -41 46 -1010 -591 19 -94 -31 55 -5]
[142 256 397 163 -637 -799 -313 -327 -157 -1105 172 -311 -118 908 -34 268 347 727 221 109 -44 -645 887 598 -46 151 -63 41 -121 391 -192 -622 -390 576 745 125 57 153 -1115 -199 248 -1 -45 -258 -175 121 -456 -281 705 -794 329 -15 -1162 -202 -335 -15 164 -340 -531 363 -744 -97 64 -5]
[-765 -460 6 -839 219 1220 -718 -824 -118 -108 -279 251 -1171 19 -951 16 20 -512 -371 -155 -231 -389 -242 582 200 -555 50 480 215 871 1094 262 -260 -224 -1660 -396 -95 268 55 720 -501 -14 53 920 -679 499 157 -97 -187 -383 -106 -936 -13 -20 -62 -534 -597 -842 132 23 -98 153 -15 0]
[2 609 -154 32 -46 871 -254 -166 185 677 -210 102 10 -85 376 100 68 -573 898 -756 -695 295 -112 -676 -563 30 -316 545 -311 633 496 254 1238 -480 -181 351 -116 500 -348 407 180 119 318 -177 675 -314 -456 386 -720 405 -1278 -60 1556 440 -274 185 -535 5 43 -534 335 298 79 0]
[-168 396 -265 276 174 -45 -39 24 -363 -437 731 -70 -761 -573 190 -349 -566 -1 -75 -1034 523 -692 310 -634 -145 -91 -191 231 20 -11 -266 656 -15 85 298 -682 627 -991 357 352 -96 336 283 -164 -715 -710 487 803 109 582 -1075 74 595 367 -149 237 -540 832 467 630 -57 733 -20 -8]
[642 244 748 282 -80 698 323 -98 448 -72 -632 5 64 -678 279 90 233 306 -154 535 -174 182 -93 90 -59 -528 -1084 9 311 368 -497 -381 83 -170 -1081 1447 -4 238 -184 -373 -636 461 371 724 -233 29 -866 -38 1080 -79 407 -303 -38 439 -641 561 763 -583 -576 -26 -129 -215 223 -7]
[-317 -449 -301 -145 317 287 193 163 -113 5 752 546 641 118 -346 446 -603 -711 -426 -133 -9 -387 -387 -903 664 -1261 528 332 425 -5 -347 -19 -107 -255 144 411 72 -1095 685 1020 -566 531 -100 87 147 273 -274 49 114 208 -416 680 -249 -496 502 140 80 580 441 803 346 654 -162 -3]
[-819 -515 212 -441 -893 16 326 -30 253 825 -952 215 789 -462 142 101 591 -480 -164 15 -428 299 -270 -122 368 577 894 -156 -242 -615 -679 -490 5 -623 -123 31 134 202 108 -943 987 -262 53 -424 659 -410 766 70 -778 141 -438 362 938 -96 -120 149 464 -349 25 -414 212 -28 -263 2]
[248 64 210 -381 -210 259 -168 464 480 -428 137 596 583 -236 -197 769 181 -246 -13 -198 -572 -244 -348 -126 -313 -202 164 -303 305 -105 -3 -397 82 -207 -334 339 -44 150 -468 -337 182 131 191 152 117 773 -272 -450 -306 -495 376 1146 477 -573 -61 654 84 387 294 288 102 -138 9 7]
[82 -135 869 64 40 135 940 -41 527 660 -790 170 -226 -573 189 -516 -50 -598 139 176 -552 468 340 -624 180 -300 -816 -770 700 458 -169 19 -1141 -370 -463 392 -296 -686 474 858 -411 -413 745 854 -1128 364 462 -175 -55 415 -3 -1123 -29 336 -28 -112 346 335 -239 -713 574 -451 -171 9]
[503 259 28 -480 -570 260 -355 25 316 -624 822 265 133 -584 -552 317 -433 -92 -986 -527 788 -861 141 116 242 228 1199 627 -509 -576 420 -271 -609 82 581 466 -327 -967 -73 303 57 122 1132 207 -324 -191 487 54 420 419 25 376 96 949 -242 -243 103 849 65 22 -246 382 -439 -4]
[-418 -141 85 -197 -158 283 -164 -306 -719 -723 268 335 -229 1022 -752 389 -32 -327 88 391 -228 -276 105 124 80 -411 849 122 537 924 -285 -703 148 -122 -858 -198 740 -332 -93 427 -655 136 -156 -160 174 -268 -291 217 251 -486 -327 448 -896 -90 -321 -236 -353 -688 -3 950 -430 757 33 -4]
[120 -924 -105 -261 308 235 366 -452 120 558 -175 -615 -423 38 -228 -25 -52 506 -427 828 -248 222 393 226 193 -68 -1080 -94 1447 -280 40 -1053 -484 493 -579 -915 249 299 723 459 517 -215 -43 983 -1179 280 191 -281 177 -571 572 -110 70 526 179 -55 801 230 -7 -522 94 -511 266 -14]
[381 -259 -260 384 1450 666 -319 -407 387 -335 -144 -315 69 182 369 -256 -972 -158 -433 603 752 -332 276 425 873 -574 245 508 -495 -590 477 168 1024 -719 581 64 345 183 -54 1216 -752 786 -732 600 -337 785 -167 146 17 -406 295 -44 -272 -303 251 145 113 -71 201 142 -347 173 203 -1]
[-425 -317 198 -34 348 668 229 -620 185 266 -369 -5 694 -14 488 827 888 -238 379 -420 429 -49 -725 -15 708 288 -471 343 -4 645 260 -1052 156 -25 367 -231 366 -520 9 204 638 -355 279 571 205 -599 -616 640 -288 -495 -612 76 1095 -458 -26 293 350 870 -7 382 -87 81 -8 -82]
[845 1085 -133 57 -262 -958 66 929 370 -185 688 141 417 -496 52 172 58 867 -330 23 -72 56 540 -214 -1176 20 -713 -54 136 -174 -434 274 500 639 845 331 -147 -232 -25 -1066 253 -93 564 515 -1068 -276 -347 -468 384 288 584 39 -68 -130 -359 363 50 1345 -143 283 148 -258 -470 -72]
[-193 -326 -387 525 -72 783 8 96 -279 78 919 -247 16 -143 -769 375 536 487 -173 44 -76 -170 -285 -43 244 -164 269 572 23 -740 773 -581 524 652 -418 585 253 -827 415 153 17 -861 913 881 28 96 -1378 333 558 30 685 620 297 354 108 209 585 458 28 -867 25 -34 159 -3]
[336 -366 -165 -11 357 -311 175 127 104 3 99 585 836 674 -118 -352 -412 -680 -355 528 275 366 -1273 -143 418 -24 403 -875 592 214 -51 -27 -297 -296 214 -657 -393 -274 430 94 -262 987 -37 415 -634 -70 493 -2 167 461 -33 443 -526 -409 305 -304 133 4 -182 294 -85 -25 -166 -6]
[813 -99 243 278 -236 -318 178 1 415 -853 517 -387 1350 -558 59 -48 -171 162 78 1242 -50 225 735 -722 -207 -269 -586 -683 46 -469 114 271 36 71 324 207 -93 -45 45 -560 -289 341 901 586 -24 -269 239 -380 223 -469 240 -256 119 -158 -572 1123 572 270 178 113 -3 -300 529 -89]
[513 356 -38 218 325 -641 -364 498 -399 -334 959 -108 -296 -128 288 -88 -222 -359 26 -231 -43 274 29 -149 -517 -509 -713 221 727 544 178 1098 228 -11 -7 97 -539 82 -303 42 -364 1376 -522 267 -725 -400 597 241 214 368 -208 5 -993 -127 -33 -130 -157 -292 -45 541 -89 413 -253 -76]
[676 451 511 539 -393 -236 280 713 -208 -517 -507 1102 616 133 764 165 -746 -36 891 -353 -1066 315 -1011 -729 518 313 245 -674 425 997 -64 -301 215 56 -421 183 -378 -104 -701 -653 -454 757 145 -316 1052 -60 -516 -100 290 1162 -477 582 121 1 -359 245 -71 -93 -84 104 -10 -50 189 -14]
[82 -1029 -158 104 113 -331 -80 848 45 -322 -396 571 361 458 -503 714 -382 -211 -128 102 456 143 -1151 245 921 -139 741 -374 -649 -9 550 695 150 -123 148 467 -712 65 -13 -233 -544 214 225 338 1318 -270 479 37 -415 -38 946 173 47 232 -354 -6 531 327 69 84 -774 50 -319 -70]
[-563 -133 -255 -310 404 208 -74 109 -276 1367 132 -545 -139 1002 -154 -75 991 -619 89 -404 604 539 -522 17 154 147 -232 -593 -230 740 149 508 -222 197 -111 19 -126 74 802 564 -459 -301 -952 195 431 448 -250 -214 246 -411 943 -318 -157 -190 748 -674 -675 376 -1104 -293 335 -259 431 -92]
[-22 679 -439 565 -214 -410 398 145 17 -843 -86 -118 379 1 356 400 -304 516 175 -270 713 -402 -474 -549 -260 418 -868 -478 -58 268 -406 916 332 -566 343 34 131 674 345 -266 -674 60 234 180 639 25 187 432 723 154 -485 -501 -324 -925 -10 457 115 158 413 319 -209 -84 -98 -34]
[-365 -895 -134 1056 138 330 9 -193 -1047 313 -576 -436 -1430 347 -367 -94 14 -72 569 140 -467 -279 -118 776 683 -745 289 320 -903 227 -309 -53 151 771 -108 -6 292 -645 -65 657 -1010 -25 -1099 -591 358 -272 -313 -415 -63 568 -292 -500 174 574 260 333 -299 -1442 342 -588 -47 688 109 177]
[568 -583 -473 765 -750 771 180 -820 -224 -823 -385 1083 -592 -491 -1276 35 -462 -81 -373 485 -12 -98 210 -104 300 -374 -91 -403 347 10 232 226 59 -595 -1263 616 -173 16 201 113 -784 -25 99 -250 -558 -293 176 260 272 -20 -780 -880 -347 389 -1019 -137 463 -808 396 -278 -5 -215 39 31]
[470 835 194 25 1339 -451 341 -32 -338 478 -167 -999 -81 65 906 -983 -172 88 -253 586 1020 241 -821 50 -398 667 -924 131 238 463 645 544 384 -301 -577 -255 -367 460 373 317 -192 450 -80 382 255 414 259 146 718 308 -530 -503 -328 -294 640 -157 494 -645 397 -44 168 -234 355 62]
[1046 84 -661 -238 -406 -515 -122 152 -57 -144 -314 -849 -637 -381 306 324 -308 610 517 -278 -492 -353 1084 -20 -862 -188 -1269 -167 170 -524 -11 -421 32 261 657 -143 -123 1129 -383 32 285 -192 243 -88 -569 353 440 -843 -433 143 -430 400 436 482 -476 986 355 -65 354 -656 219 -177 161 184]
[-208 81 518 -766 209 -280 53 874 80 -295 -135 120 1076 770 -91 -262 -164 -132 92 -22 -102 604 706 271 116 526 643 -173 -160 -408 -668 -250 -293 4 614 209 343 157 -308 61 625 -188 276 98 345 416 504 183 360 74 678 249 -541 616 219 -395 -40 145 -1073 -19 385 -286 -195 -58]
[531 893 -241 713 448 -1331 407 649 527 991 797 -189 -507 258 -80 115 -237 160 88 221 799 458 -975 -326 -715 33 -248 378 455 -530 -72 533 564 -615 -320 1028 -425 -232 551 668 -101 871 -357 243 -189 -584 -324 97 189 1282 718 923 -1014 -250 199 -341 100 1066 111 -257 2 -320 -314 111]
[427 187 713 8 710 437 -606 10 247 -306 168 -1028 -28 -822 714 -358 -211 693 -242 12 -432 -675 1494 229 -133 223 -708 670 -357 -452 1519 -100 148 359 -182 -151 -504 843 -621 247 87 -39 302 995 -525 808 255 -5 787 -398 422 -528 10 718 471 198 443 -778 -274 -998 388 -195 -175 61]
[-337 -400 631 -104 -955 -407 -160 -350 1113 32 18 26 -93 -450 -520 548 145 592 -175 385 438 -887 -200 -154 572 -106 199 325 -181 -1009 621 -351 -1120 300 172 -319 176 -284 -67 301 1 -369 -302 497 197 47 -46 -103 -301 -435 1302 -415 -230 -302 203 111 181 978 823 188 -549 -144 -165 -117]
[-78 -79 -379 -45 257 259 408 -482 -221 504 -512 -460 54 396 197 358 -101 -261 336 399 67 321 -318 -92 83 204 -22 165 -647 398 391 -78 497 -770 93 -420 -229 410 224 558 -381 353 144 -314 810 -12 -279 -162 -640 93 -605 -522 314 104 115 111 -315 -534 329 -731 -61 40 135 158]
[278 210 380 -607 1020 13 178 -93 -128 -548 -256 515 469 670 -348 -188 -482 -496 -195 -398 41 5 -474 380 680 673 822 -318 -490 173 316 -385 92 -128 870 -1016 259 -325 -244 184 192 167 -334 517 501 693 -2 605 492 -157 27 388 915 548 647 -99 -768 -285 -270 120 -309 -341 -156 75]
[-307 -159 -134 -5 -100 510 -679 -273 190 -275 -530 246 -61 -270 -248 775 -154 289 -306 -983 371 -261 -40 10 54 -135 -757 -514 -292 -286 -625 1221 -113 -1313 -970 285 -89 456 142 -349 -115 83 131 -477 -177 802 701 355 -7 486 -371 -27 18 -1070 -248 -497 -184 -346 48 341 195 -457 -547 284]
[617 252 429 879 -118 67 -182 -241 -341 -144 -372 -200 -493 -27 1056 363 -23 816 676 -802 326 -46 517 470 275 1329 -879 313 -194 787 -74 -628 -117 256 566 -741 -181 492 -893 388 199 -352 162 -166 235 127 -535 146 -309 552 384 -297 61 508 -231 -141 61 856 -225 -967 176 -111 -530 -116]
[16 -507 88 555 -788 150 -135 263 -72 -43 1510 -149 -270 -127 -325 830 660 12 -318 -269 -132 -817 369 -296 -14 -276 398 65 -182 -8 1226 422 -135 86 -514 905 -584 -435 -289 494 -814 -211 663 -394 -450 -87 198 -6 -262 418 -752 393 -451 -421 17 104 736 265 332 -756 458 118 -141 -33]
[-218 -231 -1143 98 -35 363 273 -425 -346 -312 -70 -54 -703 -467 79 621 -588 182 314 -57 -21 -112 -367 -493 -60 661 -316 -19 891 -232 -702 -802 -95 -395 -1171 238 83 155 276 77 -357 329 135 -679 -662 32 336 181 -11 590 -587 611 -41 -463 -369 313 308 -547 574 -218 354 -54 -31 -103]
[74 -12 -415 -366 -517 1050 18 -279 187 -53 96 470 -228 -708 -55 1015 389 78 591 -235 -882 -379 334 -533 -254 -279 -489 -95 540 628 310 -432 420 -753 -1528 636 -657 173 -869 91 122 203 -70 -301 -917 1066 -176 63 -248 649 -633 336 302 -256 -306 162 102 104 211 -188 243 -123 -346 73]
[-975 -513 -857 -510 -630 432 383 -183 389 67 -309 306 4 -354 -1135 200 493 -152 -738 696 -199 -63 -41 -196 -54 -51 819 -342 -554 -496 -692 305 -521 -310 220 -28 22 -217 712 21 97 -1220 27 -414 -79 383 1 -620 -622 -528 668 -44 -362 -209 17 -398 313 733 302 65 450 -768 -253 194]
[727 931 -574 -465 101 155 266 625 71 60 -646 130 602 -205 -409 -88 -380 226 83 216 391 -541 -376 -892 -77 704 71 -335 -422 493 12 2 1140 -582 543 -95 426 269 -239 -163 615 -472 230 189 637 -215 -372 -194 -170 -224 -556 193 983 -155 -266 139 135 590 883 398 -244 -375 98 -32]
[240 -504 173 412 -398 -268 -1 -474 -84 -432 498 189 -317 426 -358 -470 -303 -159 -1204 592 484 -335 58 317 245 -398 936 75 83 -787 -377 -243 -239 101 -56 -165 524 -577 -15 -524 -187 636 -523 -465 -271 -1209 -251 75 547 -376 513 402 -96 378 -328 130 325 -15 -477 186 -720 238 166 116]
[506 1229 789 -241 -309 348 -257 282 -51 -62 7 471 -132 -562 -78 -146 -145 40 -653 -352 386 -429 163 553 721 1173 1457 489 207 212 717 -490 387 10 -27 -286 359 46 -279 -463 102 -1067 187 785 3 -265 -780 -230 -314 412 -40 342 -445 104 -336 -931 22 351 470 86 -68 186 -272 -106]
[-703 -343 454 743 596 134 184 -652 230 -232 -195 61 -712 11 -131 -296 -48 22 1022 99 -656 866 476 -185 249 -673 -370 441 312 -69 -151 -290 -520 -399 -1483 109 29 -288 136 783 -841 640 -41 444 -187 461 -4 144 -100 999 605 -1000 -452 -103 290 318 -287 -541 -397 -475 -59 239 87 138]
[499 476 -448 -255 -291 -237 -142 51 -415 491 327 -494 -561 180 872 548 -447 -634 267 -371 -50 167 111 -76 -365 77 89 331 207 507 251 312 44 -656 524 415 -255 53 209 592 -247 557 -36 -592 464 -149 58 370 426 -42 293 380 -270 1029 -194 -123 -648 -209 -376 -114 -249 493 -30 119]
[-110 -1142 -257 -29 -186 841 -176 -677 -353 220 313 333 -5 347 -257 530 290 -876 -399 27 -244 286 -21 222 672 -1163 -4 -496 -102 340 -170 77 -926 183 37 -248 -199 -959 448 160 -313 241 -335 -121 -831 -182 -197 -344 34 -334 337 -368 -272 11 19 -311 -186 -919 -229 -171 247 607 -170 127]
]