[[-262 296 -109 512 -101 -645 415 -588 -29 -508 391 -88 -1085 690 38 -360 -240 325 374 -301 467 105 -470 212 232 826 -325 686 218 -432 -284 -161 547 -837 -1097 330 -72 -255 452 -697 -50 36 -274 -200 656 -175 416 288 416 -265 -203 -247 -580 493 197 -133 -178 958 -35 -104 -564 -221 -585 267 -205 347 -5 0 0]
[167 606 908 90 -528 -746 671 -161 -738 -48 -31 -117 213 -412 -136 960 -840 173 761 -63 474 -64 -799 462 124 -174 -497 313 30 -36 642 -220 940 -4 -386 536 -139 -520 -336 -1233 -241 43 -732 -663 1017 552 371 378 -171 -199 298 -173 -328 -195 220 -240 -421 449 -313 -989 -134 334 394 -93 -152 -124 -4 0 0]
[361 -302 141 -165 64 -276 -588 289 -2 -505 457 -159 -251 1793 444 -418 32 -185 101 -381 974 832 771 334 -264 647 208 214 -17 -796 -1186 -102 220 -376 -700 -441 -547 59 168 -342 -241 524 -415 65 -952 -191 -59 -100 801 -382 70 260 -169 478 376 -135 -166 699 824 538 -503 -875 -397 -373 132 296 32 0 0]
[-143 -707 1057 -188 -137 563 -507 530 -575 24 243 -438 -83 922 463 -53 -363 -320 24 459 210 163 -12 -197 482 572 686 436 -169 -1270 -532 -16 349 605 76 -1038 92 -79 -745 -218 -433 325 755 -218 3 316 -181 154 453 -244 -462 -195 -385 407 626 583 9 -400 121 -574 24 -52 674 268 -140 314 -25 0 0]
[-835 -386 354 209 82 579 -280 411 -718 -40 -636 -289 -965 -220 -22 -309 -60 561 -35 537 -82 -144 -438 426 -59 -703 -26 251 645 631 -171 372 34 647 464 -548 498 311 -458 312 40 -763 394 128 92 365 -17 -803 -708 -170 -476 -187 -421 838 113 -473 -662 -828 -417 -1118 -20 1019 318 322 -343 -215 -20 0 0]
[-541 128 -1069 -662 72 335 -179 147 1305 734 -64 610 570 89 76 -451 -5 463 -342 -778 -611 -37 637 -1058 1066 -157 523 236 -486 700 -312 -67 -186 -263 -331 -212 -499 -474 -345 1236 -573 578 227 -104 -565 352 -392 113 -462 44 113 79 733 -654 -244 435 425 159 63 994 594 -298 -343 251 679 38 45 0 0]
[831 45 -684 607 313 380 300 -1178 412 360 -373 226 439 -1134 -448 -231 -133 126 43 298 -44 -625 833 -678 -863 958 143 -736 -292 388 168 -175 353 -207 825 447 347 627 423 146 683 -39 86 525 210 -1124 -1107 478 404 105 -609 442 682 -996 -811 519 -121 -367 341 364 85 -42 14 28 131 -36 0 0 0]
[-493 297 -308 -226 89 -879 595 -209 1023 -274 40 661 -611 756 410 113 475 347 182 -719 132 -174 -359 92 -145 19 -559 595 199 1201 51 -29 54 -120 -367 39 -205 -1527 699 415 -945 -26 -95 -326 98 706 1421 551 -683 839 -245 144 131 525 280 -279 -250 -124 158 472 -547 -38 -705 -32 460 146 31 0 0]
[-829 974 -496 571 312 725 766 -1087 -336 -17 80 -124 24 -518 -306 -457 -1021 391 265 156 850 -644 184 -226 1375 -1037 -208 -623 375 758 388 366 273 -1063 -157 252 -422 272 -363 -115 197 -722 -639 -964 456 616 -305 -132 -1028 -288 472 -23 -76 -282 3 -216 -279 -31 -479 -743 904 608 47 5 94 -369 81 0 0]
[-747 -459 -74 -480 667 924 221 -629 468 143 78 74 648 -213 -910 -494 -357 67 -431 911 635 -768 122 -269 831 429 991 -733 61 45 351 -330 -1253 -198 -464 -1377 -143 1472 -373 531 706 -405 799 367 -199 -782 -919 12 66 -139 -819 -463 -132 -327 -44 747 807 41 -266 561 602 515 156 102 -205 9 -14 0 0]
[-531 -370 88 -9 464 844 351 -903 -698 -272 807 -72 -716 597 -596 -665 -1163 -409 -245 463 265 664 -797 -232 864 784 571 -451 -116 -292 355 394 -885 -209 -1257 -1076 331 137 375 -136 348 -108 717 -892 238 -674 -46 -6 447 164 -698 551 -299 362 850 682 226 778 -58 313 834 -265 -243 63 123 -13 2 0 0]
[474 780 733 -102 -22 726 806 -414 -112 -917 -153 579 649 -514 1136 673 219 -1167 -402 -265 -100 -273 -80 63 -782 -55 16 -224 -165 -1104 547 102 35 239 553 -87 862 -44 -2 -349 -664 -371 442 648 -2 242 804 335 649 795 363 -920 -109 -77 442 651 662 2 790 -175 9 110 507 -24 74 -56 -51 0 0]
[13 -48 603 -383 307 433 366 -269 -792 -829 -583 -467 -391 -571 46 533 -748 58 -43 222 -246 799 -738 -471 -50 1352 703 -337 110 -128 556 -649 835 554 -139 -939 1858 -150 70 -606 179 470 219 525 333 -822 318 291 767 356 -166 62 -166 -986 126 203 -45 637 292 -282 -26 481 248 734 -249 30 -82 0 0]
[111 830 -1321 698 -424 671 -12 -206 167 470 -529 146 316 -1407 -128 -450 833 -140 -369 610 -720 -693 349 463 266 -914 621 -46 803 -122 -195 901 57 -474 725 495 -175 744 -162 449 -84 -443 -399 19 -632 -175 -537 152 -668 -384 56 -798 -181 -40 48 614 236 -412 -364 -476 105 816 50 -689 296 -641 1 0 0]
[181 1115 -607 761 332 332 -457 -526 -98 -466 -78 301 -941 -625 -288 -57 -885 -416 -269 0 201 779 48 -256 548 543 135 507 410 -642 -981 102 107 -951 -1131 180 51 228 536 74 -228 -248 206 -208 -141 -715 -1048 -43 493 -627 -317 -493 29 52 252 1161 13 426 148 -278 -70 110 -1004 -271 174 -231 -37 0 0]
[130 -135 1143 -738 161 -719 -300 308 178 -12 544 -255 958 735 -1018 455 126 -237 662 458 1226 -481 325 426 -102 754 -106 493 426 -534 -921 -122 176 -327 -496 69 -867 -559 -258 104 -1125 317 431 -697 434 82 -508 888 543 -176 -734 -622 -112 200 -169 -62 44 73 -158 -408 -699 -52 265 -257 -548 509 -43 0 0]
[353 56 -71 -63 -369 -495 -191 617 -332 -65 -704 -461 262 -538 -247 -171 -997 128 607 -384 197 858 548 759 -615 -308 -382 727 255 -285 -631 1056 1548 773 -295 523 -362 -34 -270 -199 -790 410 -331 -238 233 -96 -714 -589 196 -575 -265 106 -250 391 395 -780 -427 182 404 -708 -321 454 -44 213 185 -332 53 -3 0]
[251 -565 339 -461 43 -361 246 -780 -504 -124 -135 -71 -4 1316 -700 -152 544 556 578 -528 810 67 161 -147 605 1115 32 -22 -372 521 -794 -628 1028 -877 -593 -284 -33 33 113 -837 261 1017 -920 75 175 27 -204 447 647 -496 73 192 92 -703 -495 -75 -775 591 -131 572 12 -90 61 -3 426 217 346 -16 -1]
[289 -438 -233 -415 -23 61 -449 308 -57 130 -214 413 268 582 68 -213 1345 -168 -634 -44 280 336 -39 -154 -40 -303 666 155 -28 781 -250 -1027 -881 117 -646 -677 -320 345 -197 566 872 778 -395 401 -1603 140 -282 -56 -77 248 -417 448 -40 -273 488 649 131 88 -273 1272 59 152 -130 -185 437 -235 -19 1 0]
[-145 -81 63 -789 -261 627 -353 683 -433 207 -143 554 52 86 -81 -384 422 408 -1050 84 -532 1122 -376 126 -195 -284 887 60 349 -277 -140 -330 -1152 521 -589 -841 652 -229 -802 792 -475 781 690 49 -1515 -168 248 -390 300 292 -312 391 -658 -66 154 342 683 903 233 517 -348 -743 -95 259 -390 -167 114 4 0]
[-119 -623 302 481 376 194 248 13 -413 665 105 -239 635 -298 -543 -23 -203 -72 277 531 17 -2 560 -178 366 -104 -635 -501 -650 -205 383 590 166 559 361 68 -389 -289 -277 -274 -76 -216 268 -913 1034 507 16 84 -164 -4 798 67 -395 -680 -500 -604 327 -408 -648 -60 734 -297 -46 229 -397 476 427 -91 -4]
[694 -21 -431 836 -750 -360 -166 -768 50 433 1145 -144 -477 773 355 -212 -853 14 22 -248 421 281 176 -289 469 1323 801 163 -269 -115 351 -274 584 53 -483 139 -168 -626 -94 139 376 762 -890 -749 224 -847 -246 923 699 -91 -993 1104 469 117 1049 569 -439 179 617 367 -137 -675 -33 25 249 327 -522 16 1]
[976 414 894 23 -390 -429 -462 447 -362 407 247 -647 778 -3 -279 547 696 -1014 236 1309 -76 -416 -208 -513 291 -316 297 -661 713 -1431 -106 219 -417 236 1027 -20 152 -697 -22 -717 -42 367 756 -1211 31 -7 -291 1084 -174 273 -166 -481 33 -315 -232 1168 533 -874 -340 -648 -425 -918 522 -464 -316 -323 168 3 0]
[18 -53 834 -759 287 -721 -1118 555 -337 177 -424 -544 -181 -174 -780 261 -744 554 -117 961 -270 704 -573 -145 -65 76 627 -382 -71 -82 -68 -386 -333 409 -474 -414 679 550 -87 -324 1029 707 300 301 -1014 -452 -918 -710 19 -577 -444 132 717 -669 -663 -43 -3 299 -24 9 -154 -480 -144 -18 57 -150 -389 38 6]
[-225 -271 554 -295 -141 678 -516 713 -710 183 -619 -177 934 -824 -704 319 604 -941 -219 546 -431 542 -329 102 419 295 664 35 6 -284 63 537 121 1269 -592 -594 615 286 -334 676 121 730 -276 509 -122 -456 -188 -161 810 -134 -158 -671 -116 -1068 261 162 544 517 -323 401 321 417 1123 -56 309 19 -276 -56 2]
[150 -437 82 -190 -216 547 -749 1140 189 378 430 -233 659 1099 473 -71 524 50 -484 -90 -434 642 813 -553 272 -811 104 -838 -174 -429 -918 -183 -966 -429 552 417 -500 -325 -394 -17 -673 -194 837 -901 -146 208 -158 -308 266 332 1567 71 532 -11 -356 -351 712 257 218 162 549 -1634 -36 23 -754 346 132 191 -1]
[-195 -98 579 -446 480 113 335 303 -238 -388 -683 550 -91 -525 -56 1114 -312 -498 394 -615 -403 1099 -738 -208 418 261 72 452 -110 617 556 847 913 1123 481 -636 735 -1154 228 218 -1076 242 -77 -73 425 610 553 -26 134 406 193 -88 -192 -616 -32 -405 27 -99 6 -443 50 661 -7 -64 512 -49 459 35 -4]
[-536 -389 549 -1210 166 -6 -502 508 -163 533 -272 -511 181 146 -97 -513 133 1132 625 -13 -60 -851 -302 -1114 -319 557 79 55 -460 1064 31 -614 593 111 -156 -158 639 -779 -468 723 49 552 420 -348 -561 403 17 54 -836 195 -1002 476 449 -421 -678 -423 -643 -87 -405 -41 70 521 459 868 -501 627 -341 -115 0]
[-298 601 334 -115 -3 567 -412 722 -420 -677 -110 -3 -91 745 965 85 9 -1018 -395 -186 398 -132 -508 -334 799 -675 381 744 117 -163 -468 460 -211 613 20 -601 -152 -344 -68 903 -660 22 12 -263 -372 609 98 -626 -260 763 -237 -206 253 607 1082 260 497 -609 -56 -197 127 207 322 195 12 38 -28 63 -1]
[-664 203 -839 186 263 1080 445 43 14 -443 55 92 -554 99 343 -800 -222 -9 -314 237 -52 -80 -256 469 593 20 48 -524 346 662 787 1481 -165 330 518 -725 610 -420 481 1306 -81 -765 -462 -98 -538 128 1213 -469 -616 493 519 -335 -209 681 26 -1042 413 -411 134 213 427 537 87 -167 150 -112 89 -210 -4]
[-109 1052 -320 -49 -540 259 88 -655 -599 160 -586 352 -266 -47 380 -1347 487 572 -29 -813 -305 248 -398 269 -729 -884 90 -110 448 1145 -394 488 625 -358 -175 1016 718 78 135 -56 -373 133 -423 -673 -74 202 -553 -946 -163 371 -396 474 345 232 96 -610 -768 896 275 -738 498 34 -84 74 173 -31 -301 94 4]
[327 478 912 -470 716 -348 -427 147 -460 -472 732 -462 -116 807 7 547 49 -178 249 529 580 27 477 367 -615 -457 300 -36 183 -45 -473 314 -306 431 43 -649 153 -492 46 -236 -153 175 -132 7 -821 13 329 337 -105 84 -66 -296 311 126 247 -100 -556 -575 146 -468 -188 -427 97 -265 -545 299 82 21 1]
[-376 218 -716 459 1092 -62 381 -915 793 -541 599 487 -1015 -523 419 697 -691 -233 -95 -1107 -883 953 246 -360 74 597 420 422 -754 62 698 198 31 -519 -781 267 886 -469 1043 -55 429 52 -139 529 -420 -228 601 231 587 387 159 76 376 -507 -166 295 235 589 568 554 308 -306 -1488 72 193 363 -48 52 -3]
[773 -531 433 389 -1118 -977 -407 508 1018 979 118 -96 369 560 401 349 504 -311 673 -2 -145 -262 66 215 46 1337 -73 365 -229 -883 283 101 778 194 17 585 -218 -483 692 -334 464 240 -593 -149 311 -309 171 291 9 -371 -383 -381 4 -128 -561 -95 -247 -124 360 298 -615 -731 135 -581 362 360 -670 -261 3]
[-605 -94 -140 -684 799 262 629 -327 799 -283 282 1248 -298 466 -539 -730 -340 424 182 -852 88 -422 33 -180 719 172 -185 154 -544 804 -337 248 -475 -572 -408 -329 -630 218 756 423 -682 -534 786 -23 61 15 -186 -426 -312 -23 -639 161 -145 539 -233 168 -6 -294 -136 216 928 397 -815 164 41 452 201 93 0]
[-401 -451 418 -226 556 1199 246 -320 95 230 -684 380 -205 644 -443 -112 -407 251 -270 491 278 745 250 -685 -919 678 734 -197 95 180 -627 59 -148 166 -772 -638 1089 -462 -161 471 -406 58 1253 -248 -792 -281 -311 -62 562 431 -932 -409 238 -227 -95 673 -368 411 795 -22 -144 -766 189 83 99 -186 -156 -88 1]
[362 151 -410 -491 134 209 196 -151 445 136 -55 695 55 -135 -425 10 564 131 -233 -435 -407 -123 32 -268 355 1289 368 436 -186 80 -634 -1705 -27 -373 -421 -561 160 -64 274 568 -411 821 277 1068 -175 -46 -448 739 499 132 -123 -630 -170 -340 69 1232 204 168 -52 546 -359 332 95 -15 65 119 312 -178 21]
[-151 597 -126 329 -277 -644 444 -302 -89 -405 419 308 -470 -143 -172 42 -658 336 -121 -1292 -488 1059 -211 128 726 -785 352 497 -636 -510 486 -325 12 102 -1307 576 465 -29 -320 -156 -130 938 -348 -40 -288 140 345 -148 534 34 -72 472 -28 309 1022 490 950 639 407 301 -39 -582 -765 822 283 -129 -339 118 29]
[-355 -717 -274 -3 -96 -308 -622 848 1240 744 28 -264 -230 94 -88 -534 796 498 -105 290 -115 -603 299 -949 244 1307 350 776 -231 -180 -90 -1135 96 581 65 -554 -160 -887 -548 1902 -344 590 556 325 67 56 55 725 -653 -202 -904 -144 -382 -246 9 106 294 -724 26 565 -705 540 -264 1015 -275 665 -546 5 -124]
[789 999 -23 398 18 24 -107 259 -128 -890 12 125 -84 -865 778 420 380 -810 -398 -306 -334 3 353 -943 -31 -64 -49 -202 -20 -422 21 -743 -211 830 486 111 719 -920 545 532 -304 777 307 575 565 -586 666 292 755 920 35 -4 -39 -484 310 669 472 -289 589 230 -521 -557 -142 640 -708 89 245 146 -5]
[-572 -634 -801 411 -607 -130 912 36 25 97 40 -276 -593 -21 -46 -119 -479 -31 218 -201 -1055 -318 -1117 -436 1100 190 -418 -226 -441 -294 189 205 589 9 -250 245 -208 -283 572 -815 -47 117 246 -861 893 -339 863 -156 -889 346 265 632 -784 42 826 95 113 164 -673 224 273 -183 -363 452 19 -86 -72 -165 27]
[70 -1 469 450 219 174 -42 -827 -774 -557 280 -475 -813 -1281 -446 950 -711 105 -544 -151 -640 355 -407 -150 509 -317 -688 -544 -438 -122 423 -891 56 -270 391 312 901 420 -331 -808 678 37 300 834 1072 -415 -76 -90 591 -534 844 54 -15 -62 194 598 164 -1044 -230 -297 355 455 133 1275 -295 -459 60 367 -123]
[-563 155 -309 100 378 -522 -493 387 415 -429 -621 -72 -391 436 -27 61 -408 564 269 -775 962 360 115 29 -384 -807 -414 681 -58 1465 -1019 -260 -362 70 -932 -281 -761 138 -191 -215 274 -71 -381 59 -815 136 -507 -445 -743 372 -4 219 892 145 -55 -289 -229 -276 95 262 -119 -10 -1088 104 231 -244 76 78 -1]
[-364 871 134 -201 -11 -770 232 -152 299 -173 163 -76 -4 -984 -361 -464 -204 80 548 423 -311 -221 -950 305 632 -1106 -608 367 88 334 796 465 51 -207 -572 1071 -346 -871 123 -161 0 348 -35 -726 333 427 656 282 -852 -73 -363 387 -579 -160 330 -230 -248 105 -486 -344 231 400 194 425 303 -181 -320 211 -112]
[-377 -439 239 599 198 938 -272 469 -1117 -664 543 -1065 -700 724 740 -980 -663 -665 241 602 261 795 -60 404 -555 -63 -143 299 -288 -872 -241 892 370 208 -484 -286 -99 63 -427 -414 231 412 -153 -646 -633 350 70 -145 1 -78 441 768 -684 511 1053 -732 -157 606 23 -117 614 21 789 340 247 -77 -213 114 -111]
[185 -240 187 210 -86 -397 1073 -1202 -338 509 796 640 525 302 -942 -39 -932 615 1173 -234 1115 -35 281 -523 610 386 -618 -203 -811 1415 833 -365 298 -427 -1118 69 -1388 -253 -254 -559 1004 439 -965 -466 786 240 -203 1232 87 -433 -402 979 151 -125 -66 69 -581 1206 -384 848 453 -211 566 -67 786 78 68 -11 132]
[-209 111 -1369 -141 144 -558 168 -129 1251 -81 -175 -372 73 199 -119 -512 75 714 -627 671 -420 714 -189 -188 492 999 544 175 116 128 -180 -177 419 -469 -599 153 -86 174 1026 290 201 437 -211 -209 -366 -589 110 -123 -206 -230 632 18 -7 -439 -386 -504 906 804 -496 1052 -107 -117 -1458 -273 -25 414 -389 -253 115]
[35 132 -413 -186 -139 46 -740 472 902 -122 -44 -293 -274 -13 -49 -445 -105 -233 85 298 -69 -30 22 -1136 25 1016 146 365 583 -780 -296 388 -369 -891 -258 32 -425 -268 341 739 -294 -251 967 -146 328 -771 -628 266 87 -308 -944 -314 43 778 -171 442 766 411 53 -213 -720 -485 -191 309 304 -294 -221 161 -11]
[-397 1094 207 -107 206 348 51 -566 -407 -53 -194 414 -42 -768 127 -276 -1341 -68 340 15 318 -505 120 149 -626 275 -322 337 -39 -931 -99 431 349 -395 -423 197 577 -223 -531 148 -1267 -598 808 -579 81 380 -306 126 -260 247 -823 207 158 184 543 720 272 23 248 -945 -170 344 196 -314 110 161 -222 -304 36]
[119 -198 -482 734 234 1019 879 -568 -406 -660 92 -688 -222 426 234 -933 229 -686 81 352 342 -512 405 -498 315 843 521 -134 362 -1379 -506 -668 542 -846 670 -293 496 907 182 -467 403 156 -98 588 561 -675 -340 -12 598 457 298 241 -372 -677 256 51 153 378 492 -145 78 -236 632 466 -104 189 35 -13 36]
[-262 725 431 622 144 658 -698 -108 -537 -294 460 481 -1333 464 421 -752 113 12 -403 -193 -78 701 236 -79 -372 147 -436 79 257 -641 -915 -10 -192 -540 -510 360 577 -543 -43 127 -3 160 228 -92 -157 -159 -160 -278 834 -348 -111 -128 -121 645 -193 -189 -50 832 767 29 -216 -1092 -416 186 -330 231 -510 132 -27]
[925 230 87 -352 -397 -460 -262 1181 -1207 -547 -136 -1311 266 208 139 171 -231 -406 178 850 365 353 -10 48 -12 -384 128 149 509 -1363 -119 -289 324 -67 17 -36 -376 -272 -532 -855 142 583 -373 -1200 -130 -66 -3 34 -254 -314 340 486 -1287 -225 299 -401 -364 -102 -631 -944 -319 35 121 299 -1016 -177 639 103 -130]
[459 -196 839 -1121 -101 -132 773 66 -300 -298 225 -82 1031 -17 -130 163 498 -348 60 -855 445 -131 -247 541 -791 -1065 -3 -434 510 1238 1103 218 -681 849 16 -400 370 -350 165 99 465 151 -289 -96 194 146 663 -369 -414 1172 -401 460 214 333 575 -627 -524 -217 403 34 431 95 512 311 -1 -378 143 -91 152]
[815 290 -710 606 -410 304 -693 44 -484 788 675 132 -226 -144 240 -191 538 -897 -672 -62 -946 259 -631 160 -293 57 26 505 -458 -352 7 347 -998 -179 -544 699 -241 -139 395 497 647 -41 -278 -570 -218 -390 -458 -296 -3 40 754 489 394 6 14 562 -234 387 -483 716 851 -528 -393 -915 489 -391 21 -190 20]
[1079 -1127 -325 360 65 591 -14 -416 -498 405 -141 132 -308 -16 308 -1313 130 157 84 356 -573 -114 383 -154 -721 711 264 770 -1079 -244 -993 682 668 177 408 11 -96 -355 578 435 105 706 1200 -148 -195 441 -401 -325 146 680 -1016 1091 -7 248 -17 271 -289 -1010 212 280 360 58 -155 471 523 229 143 -217 -48]
[691 526 -94 1279 16 -606 453 -155 -748 -539 498 637 -794 276 410 68 671 -301 -717 169 285 834 -353 309 -295 -701 -39 -261 310 -784 206 -298 -664 -861 -460 935 -429 176 446 -768 795 -150 -551 -505 -949 -104 383 -50 680 -132 1096 279 -247 -99 362 -140 536 695 -23 149 132 -880 -773 -559 -233 276 85 342 -40]
[-538 764 -940 1004 23 211 -171 -921 553 -265 61 140 -550 -603 333 -664 -504 -217 34 271 172 -579 534 -130 -290 291 121 578 610 -946 -610 1137 952 -785 -710 279 -198 612 -242 -181 253 -602 164 690 -53 -372 -850 -75 405 -873 -342 -1490 -223 252 -250 726 3 307 427 -209 -223 105 -297 221 719 -310 -298 -91 -10]
[156 775 373 476 46 296 738 -313 -935 -309 -75 458 -273 285 271 -256 68 490 506 -853 72 -6 -43 267 -787 70 -19 1163 321 -149 -948 -222 1704 -503 -179 803 260 211 -297 -419 -508 597 -125 345 8 914 -939 -16 663 87 169 -311 -380 230 -353 -741 -568 543 -250 -1094 124 310 648 306 102 229 -34 32 -66]
[-575 187 88 -479 -1 -306 -143 330 -26 -434 540 -506 -85 635 -115 373 -444 -983 213 -398 610 -232 -97 607 433 -167 -726 868 530 -716 -408 735 -230 -798 -166 -225 -493 -259 -268 -404 -746 -655 65 -702 429 720 -84 290 -247 -26 -138 -653 -113 1149 506 340 -572 -286 -408 -693 -179 462 -188 -759 188 11 167 -281 -80]
[179 528 -1116 -137 105 -859 924 -1442 763 417 -39 61 9 -235 -132 -426 92 546 443 144 -37 -1089 -355 939 -1 655 -250 683 -230 193 584 -14 280 -566 9 286 -317 -197 1311 -337 326 208 -705 537 754 -79 695 545 -772 126 -473 34 -67 104 -149 396 -524 -676 -68 430 -276 414 -198 -376 612 -295 249 -123 -164]
[-414 350 115 -416 -230 665 -315 181 -121 7 278 585 -552 -897 391 399 58 -104 -843 62 -617 334 -905 179 164 -164 855 1030 412 517 541 -1127 -1104 458 -299 -875 644 194 -365 759 738 -244 567 1012 -251 137 -562 -439 65 42 -112 -1462 120 191 304 727 120 25 -590 -360 331 1286 -191 369 -638 1 -93 101 -112]
[162 465 -306 966 -377 35 638 -854 -240 -3 -553 -95 -71 -1030 184 892 451 -199 105 -666 -384 -703 453 -208 -1355 549 -1338 373 -290 676 226 -963 969 155 283 1509 425 86 432 214 254 -325 -870 930 1598 -19 -76 60 324 533 248 245 248 -391 -295 -366 -642 53 -133 -19 -362 190 453 79 -186 -21 -328 -161 -138]
[-652 -1025 74 134 628 -357 -522 363 593 287 95 -215 -135 -749 -588 -178 703 294 287 783 273 -748 584 -212 -1036 809 -141 41 452 602 -79 -75 -22 1128 389 -188 108 -306 -292 821 136 139 703 772 297 -553 181 649 397 -271 -1461 -204 99 -302 -553 -541 -143 -629 -239 -132 -840 127 83 310 -761 601 -269 -9 56]
[-159 199 -1198 799 -216 304 -11 -29 136 208 -76 373 -478 -405 51 -624 -104 476 -272 -373 -230 296 -332 -3 641 -18 -399 486 115 574 -491 275 31 -263 -742 300 -930 21 606 553 -685 -381 -251 64 824 -109 174 -466 382 -316 693 -850 -158 356 244 -358 100 195 -386 170 92 -68 -210 -177 48 58 375 -200 294]
[-194 860 -839 475 394 -480 98 96 941 56 376 110 50 -6 -7 -37 787 -587 -270 623 -602 -657 -329 -874 337 -39 245 -204 480 116 484 69 -736 -365 661 450 -145 -258 694 591 364 -566 -102 -202 -833 170 334 720 -887 642 208 -466 139 -529 -353 339 1237 -274 -768 705 -173 -226 -1168 -375 207 167 -150 187 -18]
[630 -437 85 -480 250 -107 -1140 315 -25 -293 -353 47 -702 871 -215 84 505 394 -126 -574 -804 798 518 329 -19 -214 197 -399 -194 1741 -765 399 -174 211 839 -350 927 -429 492 690 682 173 -4 249 -789 -179 -598 -409 -297 295 607 335 1686 90 -740 -646 -651 -870 236 297 473 -217 -262 -509 474 -237 71 3 148]
[-232 -130 404 161 -338 -133 143 -68 54 781 -193 78 422 -28 -124 -59 -382 588 411 442 -467 189 253 208 301 668 398 -381 -38 73 -437 -96 828 129 -217 38 -30 -269 182 -861 -520 -274 263 -895 379 33 -27 113 -388 -503 -218 10 -340 -352 -63 225 -397 643 155 -566 268 -164 -432 -301 -162 175 -249 54 65]
[189 -1206 246 -9 365 -250 -769 407 147 -283 -62 -235 211 1279 387 22 670 -177 -676 415 216 -190 745 221 -718 -2 -426 -455 29 -435 -332 -197 -497 1732 1232 -931 22 365 -706 338 132 -223 1100 610 265 -319 164 -9 612 329 93 35 27 680 200 -339 395 -1268 310 447 -264 -336 -314 557 -563 437 -19 -191 59]
[-265 -426 -447 -918 -505 -1289 -15 525 283 273 -361 -283 330 -162 -518 186 1447 657 -20 -454 -255 6 -585 412 242 -86 665 1 610 330 458 -872 351 -75 206 338 218 125 -251 -56 294 655 -1176 229 -447 -190 413 508 229 -249 -182 481 -928 -21 -46 -151 39 212 -628 -176 -589 639 377 32 -317 204 253 486 -40]
]