[[-916 229 723 291 -977 -39 -695 -695 89 -535 37 -307 399 453 792 344 95 844 1215 83 -594 1019 876 -744 -530 298 -231 -403 494 1048 310 317 -132 -254 63 74 1399 -149 -489 1395 556 625 -611 976 -404 77 -702 422 -422 666 461 209 -373 -503 256 618 497 -270 -335 -263 358 -726 -45 -36 74 -136 -20 0]
[-127 -108 1142 684 -600 -551 142 -836 -420 -654 -846 -114 -809 -710 193 287 -56 -153 959 -662 -578 55 1020 -473 -512 -248 470 0 597 846 371 778 186 -597 -309 438 695 836 -586 1006 289 -383 362 167 -943 229 652 274 1265 977 512 -507 -603 149 712 -164 685 -708 312 164 139 -1147 -432 -204 51 -136 -20 0]
[1022 -337 258 298 248 595 -926 -96 861 439 -32 -567 -575 62 636 653 -699 -536 -429 -175 -554 -202 -563 73 -60 92 697 -30 1124 89 398 788 144 -461 344 -144 -257 957 470 -299 250 447 1014 -196 890 414 950 649 118 -148 -992 110 -842 -196 944 -286 82 -752 -353 -1173 -618 -102 -74 321 273 101 20 0]
[-236 -388 504 743 -1144 480 -596 -807 237 588 -177 -42 -543 -199 639 -643 -692 -941 -499 -144 -1653 8 -967 -1078 569 343 1004 -32 827 -127 144 -236 1405 -864 245 216 59 303 -225 -80 -8 -569 -597 210 -359 -3 391 -529 715 463 -264 76 -536 -743 466 -754 911 103 428 -1087 39 -162 -492 -133 51 -136 -20 0]
[1512 -225 16 149 -276 1 135 -754 295 -128 33 -264 -168 606 95 769 -753 -856 18 45 -1387 203 -433 360 -593 991 644 -637 1247 307 42 304 483 -278 725 74 40 231 -511 -213 -578 -596 192 20 -724 -494 -586 122 135 -201 -335 -551 -1574 355 328 -1150 255 799 34 -1778 105 -314 1 1 517 -35 0 0]
[780 682 -205 -271 408 -617 2010 -191 -1097 -129 -478 -6 137 477 -1168 -395 878 -804 -725 1121 876 -1145 -1045 383 -661 60 -804 -699 -473 38 30 -598 39 434 952 -88 -524 -613 -250 -318 -1604 -130 161 111 -986 -719 133 -595 -324 -725 748 521 -511 439 -850 -291 134 -143 431 348 291 507 344 -242 67 0 0 0]
[-1101 672 25 89 250 -281 385 384 297 489 -623 -145 368 -599 7 -1224 134 -333 546 165 1411 -656 -771 310 117 -495 -96 -240 -561 -132 -226 -48 -220 -459 559 -356 -844 178 -316 -294 -1278 -484 -420 -163 -504 -80 455 752 644 -455 338 1095 557 -289 154 -462 945 -652 589 -118 36 -268 -450 -258 -572 -102 -20 0]
[846 745 -660 -224 668 59 -168 654 -79 449 -279 -335 73 271 -60 -968 499 -415 -164 1000 994 -339 -1224 1224 326 -525 -311 451 -210 810 289 505 -833 -472 360 -289 -1059 840 290 -727 -253 -28 819 -748 548 90 501 1646 -1152 -860 -1312 536 56 471 797 80 36 -589 -996 -583 -948 323 -187 17 -97 136 20 0]
[-363 1273 44 223 192 -26 -240 -826 50 244 -380 -564 780 618 -269 2 63 73 1043 1681 348 605 -245 433 -26 -352 211 -239 188 1857 844 360 -1097 -9 -2 -549 388 449 -955 1120 -188 511 -7 -74 -501 -299 -456 788 -296 -223 756 506 -852 -395 287 -161 757 -327 -559 -50 710 446 -21 325 -231 -52 1 0]
[-875 377 -1291 -295 -515 -219 -7 822 -278 -246 549 445 -103 726 -72 -949 406 -589 -631 -1181 -602 -77 -491 211 237 572 370 421 -349 -1093 -894 -793 530 727 331 -129 -1178 -691 193 -1099 70 -1365 -417 -124 -307 -407 -598 -335 -100 -250 -363 -286 1271 439 -58 -1394 -22 1238 1091 119 -168 717 -372 -132 -209 195 -1 0]
[500 368 -598 -247 247 -493 324 589 38 -109 -121 -744 -255 1266 216 46 -433 87 -773 -229 576 -299 75 692 -506 428 156 -287 386 -715 183 9 187 411 988 691 -415 -1050 -22 -992 -845 517 481 671 317 -35 -288 -558 -106 -2 147 -86 791 940 43 -262 -269 151 682 -330 651 76 297 -163 199 286 17 0]
[726 -454 -303 830 -52 93 1528 -183 -623 124 -502 1011 -101 -510 -859 -44 756 -853 227 1078 674 -427 2 816 620 106 -58 -141 -866 -368 -862 -267 -180 84 -281 814 54 519 -168 -288 -6 -360 202 -711 -698 -83 -289 405 359 -398 883 -361 213 282 -486 119 -535 391 -711 382 11 269 413 -176 -35 -160 1 0]
[173 854 -715 71 -237 -574 284 -937 214 -325 645 252 -393 -337 -699 -568 109 -1074 230 -115 -873 184 -1013 216 99 171 -62 39 -139 700 -189 37 144 -585 -790 -1254 -845 -83 -304 -344 -962 -1089 141 -1230 -884 -511 30 -567 555 56 333 -586 -570 466 -280 -1246 335 1126 909 33 1032 47 -492 -225 -127 544 -4 0]
[-909 624 -219 -241 672 -246 -1319 1450 -119 207 -305 -868 104 597 647 -252 -181 1236 -130 -184 973 345 667 901 553 -753 842 789 104 1175 708 333 -1127 171 -607 -376 -699 676 -402 -1012 1081 -68 -539 184 419 20 9 893 -383 -612 -576 -601 727 418 1107 -562 -76 375 16 239 -275 62 86 547 -434 147 20 0]
[-176 -323 459 823 -987 -302 406 -1527 -990 -463 -431 1065 -463 -391 234 -708 1750 -546 674 393 -1000 45 506 -1158 95 -273 -687 111 -32 -175 -719 198 1141 -126 244 847 892 104 -119 883 670 416 16 147 -600 195 -64 -750 -455 754 355 93 484 -281 -522 948 988 -1081 558 761 36 -417 -310 -564 182 -9 -21 0]
[175 -384 -637 -81 -524 -223 241 -398 -713 -35 2 -152 -818 -398 -1024 -78 312 76 -843 -619 315 -1014 -260 70 301 373 187 903 -70 -296 -442 -71 -15 100 -293 723 -624 -406 694 -791 541 -190 310 60 -44 259 1182 -613 1103 255 443 -396 423 375 274 266 -1027 -111 352 694 294 869 39 44 151 78 21 0]
[9 -770 -226 460 -144 306 644 9 -499 23 35 564 -399 -620 658 479 -42 -1036 -1125 26 -506 -886 -792 -534 460 94 442 -554 -960 -632 -72 -741 741 -377 176 -739 89 -18 509 -1780 -323 -446 -23 -254 276 -71 289 -352 12 -591 -335 -11 -283 -1117 -920 -74 -348 1101 130 -692 -794 -37 75 -500 -63 74 -1 0]
[-1042 173 282 122 -1020 -421 -750 -178 -955 -664 -1025 -383 314 -634 656 -169 1036 990 1376 -978 41 26 2149 246 276 62 182 818 -187 -367 327 336 -280 125 335 1271 969 -255 -679 651 1198 -673 359 56 -524 868 251 869 972 756 43 -131 1501 43 219 534 -163 -197 -3 200 -559 -931 -581 -351 -123 -521 -16 0]
[-51 1147 -538 -548 -534 -188 261 -607 18 -394 259 -995 109 -26 482 791 828 -511 328 72 76 -476 -431 59 -628 791 -539 -551 211 608 -204 351 -735 317 1099 -859 -175 -639 -433 -319 -786 -609 -175 -424 -76 -141 132 443 -179 -497 36 908 -494 -592 -61 -784 -414 437 13 -961 152 494 328 243 11 310 9 0]
[792 -961 -286 -33 160 386 -216 -207 205 544 593 673 216 -1060 129 134 -122 -466 108 -78 563 171 -46 7 156 -64 148 45 -934 -305 -769 557 -106 -265 216 731 59 313 813 -367 863 -164 -135 -254 1519 88 -153 614 -948 311 -1133 1038 342 -707 25 954 -488 -182 -595 -393 -639 717 -57 106 15 -187 155 1]
[-712 -206 -173 878 -773 127 492 -475 -365 -115 -806 544 -922 -175 -340 -528 -64 -126 -332 86 -920 120 295 -404 1072 -796 506 1210 96 29 -6 15 445 121 -704 1315 -395 190 -397 398 1797 -1081 -321 -768 -123 482 -141 -446 1016 1291 633 -1097 1111 440 1065 208 -171 -79 -451 739 351 655 29 245 -75 -139 19 0]
[-1220 180 -253 -791 -1266 -174 -249 -192 -153 -978 324 -321 -552 370 573 460 -622 285 317 -599 -857 -253 -15 -954 -535 521 -665 77 397 342 -231 85 319 -335 291 292 467 -1300 566 -92 -536 878 -354 1244 272 99 -373 -961 379 1308 -465 290 283 -860 126 928 -298 -546 519 -5 808 -202 -35 -353 -75 712 -316 72]
[1394 189 -25 -345 557 289 616 631 -424 95 -662 474 -123 -46 -260 -256 -115 -1520 -118 403 -96 -86 394 580 -269 323 -274 -352 402 -1097 -170 -267 772 643 1054 731 -362 525 -699 173 -991 -570 -18 -754 -782 -250 220 -581 362 -351 -1187 -203 -98 683 -361 -1265 125 -45 87 -357 -231 4 186 665 -244 -333 -155 73]
[579 663 -277 -1018 843 -737 424 -351 -463 -745 59 679 480 -219 -1419 717 -41 483 909 -810 120 689 996 831 -1118 208 -184 155 -479 52 81 72 -564 715 248 -547 -327 128 -211 785 -370 -517 216 -401 -900 -450 -389 130 718 -54 -178 -159 -1046 444 -528 -139 -778 133 746 428 -190 -19 -546 -62 -230 -394 -111 17]
[-326 294 -22 226 -131 136 -520 -59 -251 149 180 -69 -309 -96 -136 -614 789 -170 137 -428 -201 638 919 -347 571 -511 11 796 -605 -245 264 347 -74 857 -901 409 347 -1060 -47 792 1405 -329 622 -687 391 430 502 -953 -70 532 631 -532 916 344 -24 73 101 -22 191 1412 944 507 415 -9 133 399 165 -73]
[-598 438 -439 272 563 332 -660 221 508 741 -96 -596 698 806 -189 -446 -203 2 -517 734 919 -120 -742 213 466 218 495 -306 102 -302 302 -720 -279 -111 -82 -40 194 -140 -320 16 -564 158 -223 318 325 502 78 90 -434 -287 1138 378 761 375 -608 -793 353 -104 289 8 450 540 181 475 -20 -184 156 -16]
[414 400 -667 552 501 86 -581 946 786 291 563 -244 -426 998 -84 -279 611 -403 -1178 -75 603 -440 -794 449 380 -346 -296 -76 -262 -161 -73 14 -604 -291 -534 -879 -835 1130 960 -891 257 606 1140 -54 1025 535 696 905 -1108 -1129 61 14 785 528 326 -60 -124 -1042 -185 398 -240 434 510 -173 412 558 148 -16]
[121 -13 571 27 -745 -40 -679 497 263 512 259 -372 529 388 1445 -327 -410 935 52 -131 352 412 659 -412 206 62 561 -429 277 -222 242 -268 -1 -702 641 609 422 -342 -819 -647 -271 194 -1662 1182 78 -277 -793 -87 -536 -548 -1111 482 643 -862 79 221 100 725 -52 -939 -20 -103 71 -407 -422 -291 -49 0]
[-232 -776 -449 -229 162 671 -5 334 52 153 -93 -267 -441 251 -167 28 -310 -491 -818 -43 -9 -726 -750 -783 469 193 302 126 901 -508 -967 -113 864 498 608 342 -992 522 574 -868 290 2 -266 453 -142 -259 690 -598 61 -560 35 159 200 171 373 136 353 -1053 5 24 -300 730 78 430 441 50 -33 73]
[-389 -357 -54 -470 -521 -208 -517 -416 -369 -76 248 511 842 -574 -692 20 169 775 -223 -1036 -691 -378 1167 -31 459 235 59 210 -231 -1230 -129 -793 704 1291 170 418 415 -816 335 131 1204 69 18 169 245 -100 -799 -546 458 459 -6 370 252 -688 -695 327 -707 550 1143 561 -442 143 -24 -225 134 -551 68 0]
[1064 -990 701 213 1001 -563 1678 -393 -234 -241 -381 243 -589 -988 -839 1075 670 -79 -495 -163 762 -217 348 639 -496 -218 90 -633 -254 206 -1040 686 -429 -51 176 -129 -1098 973 15 -381 -369 -1249 -129 -503 -315 -715 318 262 378 -342 857 -411 -750 870 -235 266 -836 184 127 314 -206 -380 299 -191 442 -77 84 -56]
[481 -543 793 -467 681 17 50 363 187 -278 -96 158 7 -407 407 721 114 919 926 17 -169 790 1381 215 -288 -190 106 87 879 -554 28 -41 -290 433 290 273 814 359 -352 1416 101 916 688 235 15 -47 -360 -445 180 142 640 -372 -70 400 -628 673 127 -311 -38 572 -167 -851 -410 37 178 -247 -120 16]
[1120 166 15 230 120 137 77 -171 4 791 228 -222 -172 392 1046 -603 276 -658 -384 1147 377 176 -615 421 177 -539 10 -506 185 -68 31 374 -565 -349 587 651 201 298 -46 270 -178 778 1221 -186 1424 150 293 742 -1383 -65 -126 415 776 -149 -269 441 157 -133 -1263 -219 -10 641 200 108 -12 0 236 -72]
[-145 492 608 -140 331 -209 323 414 -33 567 799 178 -317 -384 -156 20 772 -271 -142 -277 727 -11 -887 -530 -644 -509 -811 133 -408 500 -300 905 367 51 -389 -495 -934 300 1209 -208 293 197 -132 -260 642 -299 866 145 -870 -260 286 787 -408 -132 234 464 -232 -1111 379 549 -76 -142 273 258 1 668 71 -51]
[-959 -980 -122 -432 -474 -190 554 193 410 -402 856 493 113 -381 -497 124 266 1273 293 -790 698 199 -357 -709 -578 601 -1456 -126 -68 -354 -1148 -267 -58 -597 -621 -312 509 -757 1212 930 -413 19 -534 682 36 203 -203 19 -148 535 1559 37 291 291 -688 1004 -244 -436 -328 441 427 28 30 -13 406 -127 -87 0]
[523 1057 -238 -860 1211 -548 1092 606 -761 252 -333 -293 945 -286 -682 -393 366 -78 540 1245 1474 -661 -67 1232 635 -429 291 144 -474 28 838 -244 -471 460 -16 211 -245 -369 -542 -1090 -952 288 757 -621 -42 -50 -48 18 -130 -757 152 -11 88 365 -930 254 -373 304 -5 643 -317 -380 81 -427 -47 24 -111 17]
[-400 -56 592 1361 -43 1301 -384 -93 479 749 -442 138 91 236 243 -764 325 -837 -435 1289 519 138 -1461 -625 790 -508 472 -55 4 718 -248 345 556 -626 217 -45 -569 1113 -144 -309 -23 101 -1109 235 -131 105 871 493 -197 -334 -347 996 -204 -366 693 -251 716 -957 123 -101 -255 247 -287 621 -937 78 101 0]
[473 61 669 96 -303 -599 755 -291 -1185 252 -576 147 143 -892 -189 -1118 247 -460 -478 390 -205 -385 291 -263 571 -33 7 -232 -1074 124 783 -1142 834 -259 -236 -67 404 202 -686 -201 -655 -387 -995 110 -826 -435 -49 -528 56 -93 -727 58 -480 -432 -400 -498 395 590 255 -467 -490 -277 -86 -1014 303 -597 -177 69]
[74 -714 133 -45 -73 414 -1041 424 543 517 223 -76 -662 -466 1391 -969 -1116 684 -283 -550 -169 415 194 -1078 849 -599 782 683 352 -114 -129 77 476 -601 67 628 -18 10 -71 -986 347 -117 -1296 340 668 336 -28 -69 -176 -2 -956 -498 434 -219 478 986 -199 -97 -490 -717 -588 -225 224 -142 -65 26 0 3]
[870 153 827 -576 669 -596 900 736 -219 -621 -22 -313 200 -394 -665 -191 -173 -273 275 -280 536 -540 338 295 -481 -362 -667 -114 418 509 459 138 -7 -296 -72 157 -43 288 -330 862 -890 -885 198 27 -523 -266 563 544 279 478 -258 -604 -694 886 -2 -402 -331 -269 -459 228 -442 -515 197 377 -164 -262 -86 66]
[-518 -39 -666 -459 -23 84 -462 1351 -31 234 444 -271 -256 190 -44 -347 -337 194 -275 -202 910 92 724 459 368 -150 356 422 -318 457 -448 -78 -1055 565 -525 -169 -717 707 146 -353 566 -123 -445 -65 519 -732 -757 413 -595 -201 -472 -283 1285 209 664 366 -576 510 -969 671 -419 839 375 185 -131 403 -21 -14]
[-823 68 159 140 -961 749 -823 -288 561 537 247 -396 636 243 -47 -1003 -667 -53 368 648 -414 741 -817 60 897 727 193 -604 -36 935 63 -462 -145 -201 -646 -678 347 -38 -320 517 -438 -49 -1033 138 -696 -441 -390 -36 -55 -192 -59 -70 -864 -293 132 -256 528 600 -429 -850 1037 141 157 -229 -134 176 -133 4]
[-713 -400 62 277 -565 285 -402 -840 -525 -299 -130 812 253 704 900 -176 359 377 381 217 -807 819 -489 -906 33 110 262 -423 -81 419 -981 -481 456 146 692 343 712 -773 -229 -455 804 375 -1365 1208 -382 7 -1062 275 -1522 -450 -355 -187 -805 -672 -433 879 -158 48 149 -947 -649 384 441 -319 -117 -26 35 -49]
[1166 -630 650 258 605 307 135 543 242 153 -528 -455 274 419 -59 1101 -867 485 133 166 290 232 517 777 -735 -119 -442 -130 298 18 899 449 -173 337 105 -173 585 330 -312 359 699 406 547 -71 -399 226 -298 767 584 -581 180 -807 -1092 558 676 80 -225 140 -1264 -846 98 -289 778 723 -30 -88 16 3]
[1509 -278 -932 -403 746 566 98 1106 139 -501 397 1096 -351 299 -209 725 284 -537 144 -97 133 214 -188 782 -125 493 -427 499 -223 -67 -637 550 -555 -163 -403 -394 -138 1038 1015 -1151 -117 -110 471 -693 399 300 -458 771 -723 -1057 -1815 -530 -645 741 170 87 -1181 190 -729 -287 -799 121 593 -221 -290 445 -130 33]
[474 -340 238 -117 408 427 -501 -1513 -148 401 498 -431 503 451 449 1437 298 -499 154 1190 -1398 113 -39 -400 -722 796 -179 -982 880 -206 617 -207 165 896 533 -1013 791 427 -353 718 -526 1618 322 78 -183 -117 47 -671 -215 -485 -261 -259 -1145 -990 -1046 -282 285 338 -310 -579 -297 127 -10 634 586 -162 -146 52]
[299 47 70 862 101 225 1234 102 -404 -105 -704 93 284 -208 -207 -699 424 -1429 -8 744 612 -938 -412 1124 496 246 760 -855 -822 -266 267 -803 146 -276 507 453 -137 -951 -629 -929 -1308 -1032 253 -201 -1328 -617 -259 -247 790 -340 972 90 18 466 -890 -766 517 1132 753 -307 584 -281 -3 -559 -277 109 100 107]
[-616 900 -103 1264 -478 -79 470 -280 423 519 376 -259 -610 974 124 -226 -218 -608 -93 513 595 703 -449 -554 -698 312 546 -662 277 383 228 31 -140 445 160 -52 686 276 -117 644 -624 1738 419 599 77 301 719 172 120 656 1438 395 306 100 463 -400 481 -230 -21 777 835 428 6 579 -570 327 216 -27]
[-257 197 479 350 -372 174 495 -629 -1374 -609 -1295 -330 -515 -91 19 -151 -465 101 -442 1127 -191 37 1042 -430 344 -613 516 237 -31 1435 1155 24 -144 239 -151 480 1143 478 -527 1266 533 693 642 463 355 262 273 387 298 1879 89 44 171 -556 495 876 -158 -589 -881 482 -314 78 183 260 -134 -227 -128 63]
[-174 999 70 237 977 -685 1018 -73 345 -498 -628 -83 -253 -31 -297 274 289 -455 500 539 1561 -24 -175 381 -868 -481 485 -589 62 162 -9 510 -423 -100 448 275 -322 -27 -784 345 -621 393 191 -255 377 -124 282 -427 316 379 429 727 362 370 316 -777 811 -985 951 490 506 525 -383 218 -326 27 -78 11]
[-416 -688 453 288 -54 46 1021 630 437 -378 -110 583 -75 -659 -537 596 108 -341 898 153 822 768 744 -89 -399 -104 -441 -616 -859 66 -621 -232 -922 -477 -702 83 1091 190 -567 1265 214 -452 -637 -90 -11 -200 -361 -195 -368 293 614 -198 -111 -341 -396 152 164 -561 -675 670 387 -8 481 -168 -17 4 -89 -45]
[-60 85 -547 -484 1059 285 -244 548 1044 97 -124 -400 54 13 356 446 -635 60 1247 358 845 1071 468 810 0 143 110 -110 440 233 94 766 -1142 -138 -61 -708 -174 -164 -487 659 -506 122 628 -743 436 84 137 45 283 -182 26 -356 -470 421 12 -421 -35 -102 -52 -107 485 -256 -127 52 -68 111 -234 -54]
[207 -489 56 -65 -561 1097 -1420 -802 778 -292 227 -619 701 521 889 1306 -317 747 115 25 -1595 1048 -360 -792 68 1104 118 -130 621 206 -163 138 386 -174 -2 -585 860 -487 -285 -186 777 -261 -765 -76 424 432 -916 -311 -933 -35 -335 53 -788 -409 -20 -46 -515 1100 -610 -1551 -327 -135 71 568 267 72 194 -166]
[-241 72 486 473 196 -5 572 -234 103 123 190 341 -822 -738 -744 -64 -132 -315 -716 -608 -20 -817 -1150 -376 -426 -326 543 441 -413 1 355 247 632 -435 -303 -367 -1198 -246 368 -719 104 -329 -255 -498 -84 -125 1729 -841 1216 -166 -552 -33 -696 -599 604 4 142 -368 329 155 -286 474 -256 402 -189 69 -134 85]
[-902 -320 8 -236 592 -80 -1165 -517 276 -186 -367 -600 136 -409 635 676 410 877 210 607 327 116 42 -322 14 -475 -803 -187 208 1080 464 602 -525 -1101 292 -1078 309 486 202 -493 -194 1051 111 47 532 671 1226 65 -8 -615 -481 212 -381 -815 -147 864 340 -1034 211 -530 130 -371 73 7 87 -370 7 65]
[-387 612 10 -395 -451 -1342 1357 -881 -998 -1601 -69 134 -610 -138 -553 385 215 169 -290 3 -61 -245 197 170 -1413 65 -641 -170 -290 1397 542 100 -925 -182 88 -434 72 -360 -169 417 -470 426 556 216 -594 -630 177 -1029 415 980 452 -776 -354 418 -133 343 -159 321 397 766 949 270 -234 86 -258 282 -34 18]
[-914 -35 16 611 119 -596 825 -244 39 219 -476 365 -518 -504 172 -533 -175 -1041 -353 360 403 -313 -508 -514 -39 -623 -372 -837 -789 12 -113 -192 474 -276 -120 -434 -202 572 -145 -567 -564 22 -746 -547 -51 -5 163 -856 424 682 957 -19 906 -570 -547 -611 932 -350 911 252 939 132 394 592 -251 310 25 220]
[-17 -579 -383 -251 229 438 6 -102 -191 283 -165 300 680 73 241 -271 442 -829 -86 1376 -108 -629 -1265 54 259 390 367 -665 10 2 -734 -610 -19 -88 1015 -179 221 787 -107 -557 -893 -117 -298 377 -504 -449 -1172 518 -977 -1054 286 787 -206 -714 -742 -9 806 178 -219 -699 -744 164 -160 1 212 58 -106 232]
[48 456 -128 -694 140 -390 188 47 -382 621 -61 -282 -746 -171 -797 -867 225 -60 -656 152 -65 -389 -836 211 603 -465 -76 584 -14 352 284 173 -569 -431 -570 175 -417 -343 318 302 -339 56 212 -1 151 15 864 -942 673 81 671 -229 -489 519 -11 118 -172 -372 27 1139 882 509 172 -374 76 335 51 -132]
[633 -638 184 144 214 -115 2010 50 -553 -1080 -157 382 -546 398 -1045 1106 464 -1117 -1049 -172 -490 -1482 -655 267 -646 19 -958 -1003 -100 -683 -925 -153 54 316 154 -187 -314 76 494 -437 -596 -637 973 -447 -674 -22 521 -326 647 -258 661 -811 -888 281 -527 -499 -372 148 24 646 445 -423 697 -218 125 778 -163 -225]
[-499 792 -609 581 -310 -131 -490 283 836 851 396 -103 114 -448 7 -1436 142 -34 437 337 844 784 9 118 1351 -220 102 539 -737 -96 194 429 -472 -245 -856 -339 183 -252 -454 156 -367 577 253 -777 455 382 -156 439 -246 221 39 233 982 -211 501 303 522 182 -1096 70 187 180 -132 -352 -180 359 99 -139]
[-464 583 241 -732 93 -268 -97 384 57 -190 -27 -982 -226 910 823 -504 -454 -107 -17 315 56 179 -120 -766 -366 -112 -396 -924 584 1086 692 -16 -72 -189 701 -551 310 -16 -299 714 -1126 370 67 868 228 -254 -336 175 -596 710 -371 631 503 -350 260 -240 965 -719 -459 20 333 160 227 -271 133 -14 -76 -185]
[684 582 -677 -145 141 534 -54 400 1227 126 151 -165 670 578 -952 3 -59 -369 485 700 524 205 -447 1514 -106 671 -628 -665 277 -597 -390 -658 -794 247 377 -261 123 -509 -155 588 -1177 1297 746 -118 -277 -172 -478 684 590 -960 591 762 -637 205 -108 -396 -187 193 -75 79 1053 266 140 -6 -98 252 -15 -56]
[-31 -1046 631 -162 983 430 420 531 648 -361 -440 461 -516 -876 147 464 -570 -307 146 -1073 -383 913 441 -332 -368 149 725 -310 293 -785 -812 13 43 41 88 -63 -509 560 -310 394 -183 -1118 -729 274 -769 154 -131 -462 678 -276 301 -816 -620 400 418 -531 477 -449 356 -463 -760 -729 -41 -268 840 -480 -53 73]
[1066 824 -277 151 -716 -726 524 -329 -579 -40 -140 -658 -1390 -129 279 -148 230 202 -1566 -173 -759 -764 -817 -93 779 62 -162 639 -220 -8 239 -251 300 -387 -545 433 -287 -99 -170 -1260 52 -299 653 -973 450 813 546 66 169 118 -87 -655 530 698 441 -442 -1282 554 -393 38 -329 -128 282 -449 107 471 -21 -232]
[-326 -329 -1008 -401 63 -380 -769 -15 -444 -317 508 278 -434 -292 -74 475 392 61 376 -464 -853 -242 519 -388 27 122 543 905 -289 295 -587 -601 -480 804 -717 -963 496 -171 220 -670 750 163 29 -238 -94 -108 -975 -686 -837 -784 487 -1292 -412 47 -439 -641 -163 1299 572 121 -129 186 177 -360 530 568 386 -170]
[209 -301 -328 -45 -975 387 -753 -361 457 -345 751 -507 -316 -189 281 946 -543 -60 -200 -916 -1168 -415 247 -58 545 652 379 -373 1252 -250 115 -27 -349 100 -289 59 420 -25 409 -27 6 157 1185 -357 624 74 518 3 861 313 -194 40 166 -240 -195 -99 -675 366 -485 37 367 685 37 -64 -44 -129 -38 -46]
[-1049 593 -968 -172 -324 199 30 336 -26 -178 494 -254 178 246 -123 -68 783 337 -591 -431 991 -96 -547 -332 10 45 -85 124 -1584 203 -660 -51 -766 621 -81 -553 -819 -998 615 -762 533 -657 -360 -404 602 75 97 563 -658 -158 741 779 775 -230 304 690 -763 11 -343 694 -380 581 503 -92 302 556 411 12]
]