[[-483 -428 36 209 -198 954 792 719 -753 -459 -741 -20 -21 168 -385 166 -301 600 -526 1051 230 62 -60 -566 378 -676 -803 623 -852 454 635 -326 -198 219 -468 127 -69 -816 -578 -709 104 -970 -296 130 -347 -53 292 -379 -592 512 -106 -53 324 111 -302 219 363 -563 32 0 0 0]
[323 357 261 468 -371 -595 -328 -441 -51 -159 814 341 -625 -1093 516 170 685 842 729 178 186 -757 -376 -127 309 986 519 -214 -70 831 -266 -253 467 256 170 -279 296 758 491 927 -211 250 647 -310 643 125 33 539 -5 554 163 786 269 -410 213 -193 -672 138 -182 -15 0 0]
[616 -248 588 -672 90 590 -275 556 -225 -189 -187 489 -996 56 -275 368 464 133 363 -240 596 -37 -1086 -919 23 269 -373 283 -89 45 701 -215 469 77 -58 737 -137 -400 413 984 376 -1112 539 401 573 -905 -207 9 392 116 183 566 855 -127 -416 483 411 307 423 35 -1 0]
[-30 294 -596 -375 -149 373 604 -85 -549 141 -615 900 83 69 -333 39 -62 -203 256 -170 98 713 -1359 -150 -836 -165 114 -801 -118 -31 524 -82 59 -442 -199 309 8 -624 323 -128 517 -622 291 983 164 534 -320 50 -62 -753 -1089 687 84 398 -1092 1080 731 240 -40 0 0 0]
[-117 -64 352 -91 58 544 218 968 -239 811 -244 21 51 441 654 451 94 -1058 290 -341 459 -207 -918 351 -542 -442 -447 -1004 676 -370 -955 136 19 26 -484 -83 -293 285 -30 -192 272 -317 -143 119 -293 606 -638 -396 391 -96 -591 891 -222 638 -543 773 259 -308 -504 -99 -500 -10]
[246 -763 238 -146 11 286 -194 22 -144 -83 -160 1703 -68 -89 -864 -49 -195 -248 241 -127 -242 -272 -841 -157 -222 972 1129 152 -671 54 1502 334 696 -203 818 -30 346 -765 578 481 -203 -454 995 296 787 699 -482 -40 -61 175 -893 -129 317 164 76 374 603 552 -40 0 0 0]
[-130 -1053 583 787 421 676 -668 1633 -725 394 -756 313 -677 -325 256 513 389 -504 286 105 341 -1419 -1137 -475 171 -249 -125 476 -777 172 410 -23 695 329 10 -116 -276 -480 1 -431 147 -818 730 -554 373 -48 19 147 -330 19 -204 632 795 -533 553 -3 125 -529 540 35 -1 0]
[80 -49 -160 530 634 -233 -382 -95 250 -201 -781 164 -510 97 -236 -171 -22 -284 187 104 -56 -351 -178 5 863 430 133 826 -50 69 696 14 236 117 374 653 265 -639 426 801 -601 290 375 -547 889 -1572 551 286 -285 182 49 -188 -434 -1408 405 -370 250 67 580 35 -1 0]
[-132 673 -160 -56 -463 -485 84 103 -34 -51 -3 -313 -291 -484 216 -354 -289 355 -182 -698 143 707 308 -333 -967 -94 376 -267 115 -300 305 -491 520 163 -229 -413 -62 -1198 56 76 515 -344 -294 416 -313 -161 -51 1147 255 -1223 542 261 541 422 -22 462 105 387 644 123 725 21]
[104 -650 1194 474 -169 -750 471 299 182 129 1182 -204 -91 -905 900 -372 -81 547 -238 -356 363 -455 11 272 199 486 1277 157 14 271 -231 260 549 -267 742 -980 471 448 43 218 -330 604 942 -437 113 115 -386 207 288 -52 1006 37 287 293 1082 309 -224 -541 -623 -60 0 0]
[-443 463 -788 265 6 91 1246 30 -336 66 -516 -193 124 -88 210 -444 -60 -644 -151 77 -117 357 -598 540 74 -441 623 155 -183 80 358 -628 -50 -151 27 -486 439 26 202 -774 97 102 160 501 -295 -589 518 -15 -234 -1081 310 1218 0 301 195 -44 290 -800 334 65 -1 0]
[-725 921 -487 282 -428 -701 -735 -142 -7 585 -380 -269 -125 -621 472 -494 338 -84 -169 -988 -305 -123 1368 432 -46 95 523 -256 -555 -397 -428 -476 -571 -69 -283 -604 -205 -29 247 -850 167 682 282 -304 44 422 54 886 -197 -645 22 387 -351 674 382 -750 -267 344 617 -73 327 11]
[-213 596 527 -490 266 -410 -688 551 390 667 -487 -334 -462 359 -164 -437 -109 275 -524 -643 571 9 1038 -137 113 43 30 104 904 -244 -691 44 -95 536 152 687 -134 -802 -68 912 167 -76 -242 -54 767 -28 105 15 215 634 -449 54 -653 -113 27 -168 -324 904 236 -103 52 12]
[360 -110 -1164 1483 -301 -458 397 -1138 6 55 322 410 133 -944 -425 -218 -324 983 139 129 46 -170 -31 224 -146 114 888 -217 -150 1030 -248 622 294 202 9 -524 891 -866 404 -504 -818 291 179 54 321 147 544 574 -811 -425 -494 -445 147 -872 -94 843 -117 149 -1022 52 174 -1]
[-160 -831 -393 333 -264 123 441 -33 47 680 -262 376 376 486 206 332 -571 -745 -462 -689 565 30 -346 960 -283 -452 267 -407 -411 421 -358 476 -1275 -957 -60 292 112 51 552 -578 -133 -438 -134 -100 -502 -176 -100 -401 -361 -9 -392 292 -807 406 -627 1032 707 -340 -950 -243 -725 -21]
[793 -2 -841 -380 -457 390 252 -593 -74 -499 660 1066 -179 -341 -582 1098 539 6 617 -879 -190 368 -946 -161 -361 -139 -349 -771 93 697 159 -526 411 72 -898 548 -366 811 557 198 547 -687 -669 807 -140 -790 767 -40 177 18 726 323 722 114 -986 -86 -364 444 -455 51 -30 -12]
[-254 125 -577 -110 179 654 306 429 -420 273 -1069 781 368 575 -830 -428 -1115 -300 -529 -399 -85 285 141 -171 -196 668 -183 -1120 -243 -560 228 150 871 358 -1107 157 -140 -1775 159 110 -119 -306 -511 524 -29 81 -106 -158 293 626 -927 -885 -579 428 -1299 764 608 470 -623 -350 -477 -10]
[57 -1442 1076 -174 97 -316 -853 552 676 155 900 -154 519 621 -368 -263 -196 -577 223 -369 260 498 -214 -51 -719 -570 222 545 924 -930 -435 1056 452 271 819 346 64 191 -81 139 3 -631 -154 -218 100 506 -368 -342 745 -151 -381 -838 245 359 398 170 304 73 -393 171 1 0]
[-833 485 382 270 -666 -876 305 -525 605 -103 662 -967 298 -488 901 -397 -73 260 366 -352 322 932 31 218 -693 34 -578 -1340 1380 -563 -857 30 19 -502 -673 -646 -362 516 -523 284 -314 567 152 -179 -464 777 -705 374 621 -195 -119 46 -651 1311 -235 345 61 -349 -271 -214 -171 1]
[968 375 -95 -13 -372 763 -479 -372 303 34 745 1351 -172 -347 -514 1065 111 175 670 -446 4 -291 -373 151 -608 830 595 -604 -493 526 81 691 658 -146 -328 -230 111 -69 1020 782 -195 238 221 -21 1057 734 -311 492 -180 461 -1019 35 86 -665 -459 880 -29 1108 -533 333 173 -1]
[-170 834 -62 535 -155 -637 1167 -609 -382 -326 -711 578 -175 -230 465 -319 -84 1051 -62 244 319 363 -206 95 322 -287 604 -298 -741 786 116 -665 -555 -884 262 508 -50 -1229 -23 -66 156 282 29 -271 452 -263 -324 513 -561 -690 284 -407 -1216 -124 -895 958 479 249 -593 -12 374 10]
[371 503 388 -584 -101 -449 -423 -750 422 -356 643 -276 -854 -116 -400 -397 222 1189 291 -382 -5 793 743 -130 -109 115 -293 17 1203 -220 -16 533 -755 -113 -12 1123 -287 209 -202 715 -190 26 416 1026 577 -526 661 34 380 -227 44 -176 525 -373 -252 -57 -259 831 164 177 152 11]
[-585 446 -790 -14 -642 335 1130 348 -696 490 -110 -696 748 422 603 -539 -694 -56 -942 7 177 542 485 -40 733 -473 -167 18 -452 -486 -465 -284 -460 271 -769 -827 347 -262 -15 -762 -113 -167 -31 160 -1184 -403 -778 259 -179 -413 664 275 19 812 -419 513 997 -738 -862 -251 -197 -90]
[-243 -143 -268 -330 164 -399 -972 -70 -290 559 -548 -954 -298 715 228 -534 733 -635 127 -379 753 -520 653 130 -139 -617 -268 55 -86 -582 -1314 317 -925 29 92 390 205 903 -408 -1194 602 -56 -362 20 -588 154 478 -660 534 -223 116 404 -126 599 -24 -824 -662 249 332 -79 -209 -12]
[-51 839 -715 80 519 -925 60 -1447 670 -193 259 -149 -51 174 -420 -940 -145 45 -124 301 -459 421 185 707 -376 790 658 -435 557 131 -74 -849 -275 78 450 367 -74 340 313 734 -135 433 -501 -88 -127 -134 835 -307 3 482 387 258 -810 249 -789 -961 -284 -158 242 -134 -518 7]
[-536 616 956 -530 31 1119 1263 1469 240 -39 -460 -594 -323 537 226 -124 -43 -222 -706 563 372 303 959 736 639 -66 -537 138 518 430 -697 -456 -248 111 -576 161 -235 -594 -219 50 -309 -323 -1052 49 38 -587 91 -470 289 611 205 359 -568 403 294 77 54 -59 -114 -222 -477 74]
[130 -322 864 -296 178 488 945 970 -270 -380 -467 -495 -222 93 939 -280 284 102 -546 1074 547 -422 -728 -95 214 283 341 457 -273 330 182 -424 996 354 505 -485 385 -721 -1 298 165 -442 -50 -749 176 133 -445 -260 376 543 624 766 285 669 295 -80 -180 -718 436 -342 -219 72]
[409 -900 448 -181 16 257 -1274 832 -275 491 -198 270 -548 307 -143 -26 -72 -118 131 -604 39 -606 463 -516 699 107 -335 -77 -864 -511 -70 174 -238 -38 -616 118 -680 -253 -285 -75 -410 -774 -305 125 -552 -755 -321 504 259 -113 599 -797 699 -212 152 64 283 717 -281 -107 52 -11]
[289 -54 -112 276 305 321 486 166 424 185 -1141 551 -576 -221 -939 187 -246 -753 -375 -29 111 -144 -15 -498 550 -396 114 416 384 557 561 -610 363 723 197 -728 137 -1265 -97 133 -789 -301 -31 268 341 -976 491 -364 -350 -406 200 -175 -143 617 693 488 -165 -41 94 -155 208 44]
[341 -689 32 83 -704 86 499 14 -342 -410 292 -15 233 -263 -175 -246 -114 1166 -37 -392 403 -83 -29 -357 9 -72 492 -37 -955 587 -491 -130 288 -312 -888 -32 -169 -265 391 166 331 -982 -135 70 172 193 70 24 341 549 -190 -11 -254 501 -602 378 -226 241 -896 -324 -154 45]
[296 -836 1304 -366 213 -438 -71 904 168 -93 -235 -58 -499 12 843 484 417 160 -319 586 1194 -546 -762 -374 581 61 -302 182 -110 483 32 27 -37 10 882 556 100 -227 -363 1032 -265 -409 -179 -623 455 -444 -736 -724 99 835 440 102 -643 365 30 564 -138 61 -242 -525 -89 -6]
[225 -445 128 -1649 254 184 -592 -278 -186 87 -65 262 -80 28 -678 -714 283 -27 -56 -399 383 156 -105 -837 -340 449 534 159 -504 -477 -89 327 59 -661 486 658 227 191 891 341 1077 -525 693 577 436 703 -544 -553 818 -224 -1335 -652 89 113 -263 207 276 246 -90 -77 -271 51]
[-201 53 -621 8 284 -286 33 -242 -1054 -507 -840 -231 488 37 -219 -92 -275 -95 -98 179 -405 522 -584 -623 -619 -437 -1079 -180 -1050 -135 487 -500 -839 -407 -215 141 -147 -43 -710 -562 715 159 -7 583 -636 -23 283 -142 -36 -100 -237 167 261 -274 -1102 61 467 -408 919 214 148 7]
[-203 -70 500 -650 821 -472 1 552 -550 -45 -485 302 -616 -218 446 196 17 -324 -11 -278 -314 0 -286 -519 155 300 260 350 46 -501 654 -23 998 150 447 594 342 -173 -4 866 351 642 806 243 983 -1027 252 34 79 -198 306 -792 65 -1467 420 239 1 -93 673 -206 336 -33]
[285 -459 145 273 -4 674 644 13 -17 -529 -251 518 31 592 -349 26 -1279 -283 -423 690 108 216 -121 509 487 605 431 1005 -739 51 1265 299 -619 -534 644 -383 376 -215 265 578 -941 96 320 40 -632 -694 198 0 0 858 215 315 -169 153 247 875 400 -635 213 292 -380 6]
[-171 350 -177 265 -647 208 328 408 -251 -1150 23 -983 200 125 540 650 -709 404 -475 1565 217 -540 369 360 717 1029 -837 345 64 1128 328 166 -633 177 -141 -506 -176 390 -522 883 -526 -218 -316 -276 -1059 171 -47 157 -138 1218 731 505 77 71 498 -669 -420 -382 268 -149 -250 -33]
[186 -463 1002 -668 257 609 -358 402 151 -389 -287 216 -126 46 49 772 259 -769 91 -836 -315 -271 379 -47 -2 55 -191 429 -47 -170 526 -236 633 181 -369 -422 -132 -82 -343 384 126 162 346 -710 575 301 -119 -285 140 635 36 -688 -150 255 594 -941 -274 128 279 236 469 100]
[61 -883 -12 -272 -506 -65 -513 25 -499 -106 -31 379 783 752 -138 324 -1018 308 45 527 -551 -580 83 136 162 616 163 169 -441 68 124 519 138 422 505 205 -197 931 -756 550 127 -453 -332 255 -601 1197 198 -396 6 1300 33 -273 -130 -41 62 -228 -702 27 -147 -513 -363 -75]
[-184 85 -413 -368 -776 -336 1210 -137 -347 -1258 139 790 308 -478 -208 107 -212 374 304 600 -131 1434 -514 -402 342 235 -207 154 -474 351 938 -295 422 -522 92 -148 285 98 95 258 163 475 -435 320 105 -182 -164 310 395 258 -360 102 -344 139 -150 654 625 71 -217 288 414 -33]
[27 209 -521 330 -894 -1017 160 -517 324 -69 1008 -605 2 33 534 268 -8 485 871 -153 663 89 -724 30 -236 213 -176 -531 1522 716 -507 -349 10 359 317 -296 414 133 107 575 -74 -310 -494 438 -282 653 -384 142 319 124 118 1101 -121 556 -459 137 -538 397 -371 334 173 -51]
[-324 412 -175 480 447 -447 -1272 326 341 1074 -81 -204 225 564 188 -285 -535 -1247 385 -329 -498 -106 643 496 -626 39 350 -210 53 -842 -622 728 44 350 -231 372 36 -370 398 70 -245 146 81 -209 185 -542 -342 769 -433 -980 -1528 -247 -632 -603 51 711 537 194 124 177 -12 -28]
[703 -230 1258 204 424 -252 -842 446 180 863 198 781 -908 359 698 432 640 -183 -178 -784 639 -1080 -358 -26 540 5 216 354 549 -145 -667 775 -682 427 581 547 119 276 698 446 -175 124 891 -769 1204 -357 -602 -127 327 236 190 675 312 -252 158 529 368 307 -576 36 -175 0]
[-340 366 379 811 97 -273 -776 326 293 -664 -632 -629 -115 -446 626 -153 -72 246 196 1365 -154 -334 521 120 610 291 -477 19 -497 -46 -5 249 -42 12 157 102 -246 -432 -64 153 -536 260 -344 -1092 -104 -111 -21 402 -498 -377 -542 -872 -178 -871 539 -520 -1 -86 614 153 113 52]
[-286 476 -775 -84 -553 -323 -185 -994 -467 -697 860 93 -97 -1001 -276 11 614 1199 86 1204 -329 837 274 -585 -177 299 -622 202 -430 291 62 -233 -461 265 115 -349 424 109 113 -369 -296 -109 443 53 313 596 -225 838 -364 367 -147 -219 725 -63 -184 -192 78 146 63 116 463 -17]
[-114 875 -147 335 131 141 290 233 -228 207 -436 675 -892 134 561 -85 939 -853 1056 -1450 -205 -218 -638 788 -540 264 639 -691 -72 -727 -224 -448 419 437 -162 373 6 -579 897 -322 189 248 656 39 1236 -482 95 332 480 -888 -238 952 -245 122 -667 -45 134 808 335 223 296 91]
[39 560 -1033 652 -79 60 392 356 -1135 -68 88 501 -57 -961 14 -51 -585 325 202 197 -960 -97 124 -209 41 388 597 -810 -449 127 493 -789 372 882 -285 -919 -293 -607 -99 -1087 -271 66 254 662 -737 481 561 588 -526 -642 317 -54 1285 304 -86 -319 -234 -241 -395 420 525 -39]
[-602 1120 -557 -183 -688 -638 553 -968 398 117 25 -311 66 -295 304 -634 -542 692 -242 -56 -554 306 1606 -301 965 741 -103 -132 377 -233 491 -749 -295 67 101 309 -26 116 -342 240 -87 688 -68 139 97 -426 101 277 140 123 665 -393 -602 166 225 -1063 -162 -213 -338 -427 123 -33]
[492 1503 618 -918 358 -323 515 -106 -92 -109 -301 -480 -729 545 587 -123 524 127 -53 496 116 58 422 -9 643 577 -53 279 69 48 -131 -719 -656 -94 9 201 192 960 118 806 82 581 192 153 508 -931 306 -359 575 148 217 659 -402 29 13 -34 -149 189 358 -170 -52 24]
[-321 -467 -75 233 327 747 181 900 -521 402 -579 43 -369 1175 -685 -42 -652 -448 -339 294 -34 -351 764 161 237 -192 -204 770 193 -882 149 620 387 908 -476 191 83 -839 -593 -303 -686 16 -59 -418 -212 -293 319 -438 -151 637 -162 -1033 164 -933 77 230 482 56 -243 17 -77 -145]
[-639 1069 -175 602 -361 -65 962 -620 -178 -744 -100 12 -195 -484 354 -73 -616 475 -278 689 662 -314 -501 -199 321 386 308 -45 -1086 638 1138 -844 200 -356 -274 -170 403 -301 380 334 143 2 63 -82 -199 -859 275 643 -326 346 354 843 -502 -448 -15 3 304 -714 433 291 234 -7]
[97 -155 191 239 -414 -318 537 -584 -568 -156 697 96 578 -99 -69 -6 -556 1193 -557 -5 -141 330 186 -329 66 175 53 62 -974 257 532 -174 -558 -359 -73 54 -47 -307 514 -633 255 -104 -185 154 -493 -446 124 57 125 695 489 -305 93 192 -493 593 300 -461 -637 -36 -318 -80]
[334 -350 924 -635 599 258 -830 667 507 476 109 -113 237 232 5 99 507 -1237 416 -785 255 63 -727 3 184 -506 374 421 53 -1204 -124 316 445 27 477 133 -602 724 396 -159 509 -307 70 151 259 102 -604 -644 288 -1293 123 -110 -12 347 909 -55 397 -196 140 137 354 40]
[-685 393 509 -549 193 -43 -220 1276 -203 -358 -311 91 -153 601 108 -385 -406 -340 -277 -301 -228 439 5 -229 185 -72 125 -164 312 -543 568 -169 601 543 -249 764 -590 -1000 286 933 294 -469 -89 4 603 -477 83 -27 560 141 260 -541 -325 419 -269 -491 382 110 164 -86 119 73]
[-127 -146 -333 -440 -53 205 334 -1139 582 776 831 -48 520 234 184 380 173 -842 -198 -750 88 220 275 564 -553 -845 -22 -680 768 -172 -801 343 -1111 -801 -302 -845 -82 1418 -232 -140 -269 620 194 -473 -320 973 -705 -523 -284 -54 -77 -131 -526 847 74 326 653 -67 -1135 -520 -329 192]
[-239 246 -147 460 494 378 -673 587 -198 -233 327 -53 -346 -107 32 204 -195 412 3 1035 239 -687 337 -795 291 416 162 746 -323 -201 337 -323 1202 609 -16 -575 170 -473 -388 105 -73 323 -626 -1069 -513 473 -431 941 -628 513 193 -367 -23 -747 644 -738 14 110 569 462 730 16]
[377 -585 189 -920 -116 -290 -172 -374 -123 -441 606 1005 -192 -459 -892 -230 -8 919 -721 82 -87 803 182 -174 -158 -57 -162 -129 -453 237 378 123 -414 -44 272 752 -314 174 2 -103 385 -504 -1014 813 -447 -590 858 0 321 579 515 -769 1087 -609 -761 189 279 20 -767 -2 -133 60]
[-336 331 -121 482 -36 -83 53 148 -166 -546 246 534 -424 -908 -85 -174 761 -48 592 342 -98 -232 -184 299 101 246 488 45 -355 493 69 -14 539 297 373 -668 342 13 -279 -1109 -84 497 241 186 789 616 867 -112 -387 -681 70 317 262 57 574 -1387 -413 286 200 603 390 227]
[-122 -17 -188 742 -324 -27 -294 300 111 219 423 -107 -320 164 -101 282 -139 -535 187 -580 -64 157 389 -70 -844 289 59 -201 156 -56 -40 83 210 13 -283 -589 -288 -26 287 -151 -64 -428 257 -27 -841 -474 393 289 202 -121 875 -194 1016 681 200 -1 417 43 80 -55 -64 86]
[153 777 -302 380 275 182 489 -55 -197 -59 891 -371 1233 214 -19 430 -193 -286 212 484 299 254 -625 325 676 70 -117 -354 13 -26 -661 -15 424 121 -671 -554 209 1128 646 -28 -238 710 -364 220 -742 -287 91 -79 59 -170 734 -49 -607 273 -91 624 -122 -607 -1066 -56 -42 11]
[472 -76 -130 -199 -663 -113 -337 -54 -813 49 -465 -64 -497 -859 808 827 460 332 272 -332 117 -475 -130 -640 165 -293 -959 -87 -761 248 -59 192 -694 -63 27 -117 -182 294 -260 -582 471 -66 626 -56 -393 -464 -130 161 -340 -486 97 379 693 102 -73 -41 100 174 89 -121 529 -109]
[21 -183 -457 -642 605 419 212 -229 200 -219 -52 144 88 56 -26 516 241 -406 78 -535 -161 381 -722 -4 552 -188 -203 -331 -55 -168 730 1017 44 -635 -318 180 -107 -269 -34 -221 -618 753 718 7 537 -574 -188 59 -269 -1002 -290 -1194 382 -716 98 286 438 342 24 93 300 -175]
[1046 488 270 -230 -299 -438 -641 -824 628 -531 841 67 -800 -121 -63 268 332 -264 634 116 -451 -174 914 54 136 1226 497 478 338 574 -470 -491 -614 206 640 509 388 371 763 1366 -748 -476 -290 -156 123 -841 -246 266 407 287 884 18 123 -442 99 54 -375 600 6 1 -178 52]
]