[[1046 707 648 292 574 -766 1131 -962 524 -158 -238 467 -21 193 -10 588 -450 -431 181 -733 -848 560 -357 -261 15 455 674 -18 22 70 -116 416 85 53 244 259 80 311 456 -179 -622 -291 -697 -346 -243 -188 454 529 353 176 -172 107 81 -679 -448 -457 124 718 144 -341 15 0 0]
[-238 -567 -558 -349 -427 258 -779 -159 -948 -122 -632 -140 354 -371 235 377 -188 174 -638 -19 641 -622 478 397 428 -190 -247 434 -160 308 -476 -812 105 239 147 -334 298 -341 931 25 910 302 -83 62 819 -450 -444 -204 43 -927 689 913 316 -128 849 244 -405 -525 266 -101 -71 0 0]
[412 -211 635 -286 -312 1101 -395 282 -249 426 -594 282 477 -617 211 1004 -1035 724 -251 -495 -97 -331 594 -332 1131 80 -337 -26 -635 506 -394 -364 -306 -242 -154 -1242 182 -128 882 -592 -179 -185 406 -96 -10 145 78 253 -668 330 188 -75 576 150 830 -315 514 -134 403 -147 -71 0 0]
[347 778 568 -458 344 -178 504 -14 -414 1008 243 -901 148 -282 -476 113 -26 335 -605 -407 -947 115 -400 -1343 689 280 -387 -229 94 -139 -279 -13 -301 -387 -504 -317 189 -182 -56 -213 -402 26 -198 -422 -732 285 517 1274 33 710 500 19 469 10 -720 -228 1139 272 105 94 71 0 0]
[214 271 -427 -852 597 -920 1227 -1077 -412 321 -362 -68 191 591 126 -136 454 -95 -585 -308 -979 191 316 216 340 228 829 861 283 -557 -226 -509 -48 256 177 670 855 -708 594 439 678 -132 -1257 189 80 -52 256 181 -57 492 949 1395 498 139 -933 28 -433 -179 -109 -62 15 0 0]
[-647 -190 -556 52 688 -84 221 -132 720 -551 -654 365 -219 287 331 -1044 -337 -301 692 184 -725 286 174 325 -515 137 73 725 347 341 838 323 -32 -285 -483 837 73 323 -235 461 382 -385 135 1226 96 138 -136 -514 129 575 -180 379 -772 -164 -841 -510 200 577 17 355 137 6 0]
[239 461 188 -416 -47 -524 -68 -98 -180 994 -84 262 -257 46 -253 381 575 434 -39 307 -1080 -398 -751 -583 -159 -122 892 -890 356 -268 244 233 495 98 -260 -1109 -192 -1248 26 -114 -904 7 -177 -633 -782 372 609 -146 -73 361 -297 -650 64 430 56 22 213 -24 -569 24 -67 -6 0]
[-330 -656 -75 78 -710 891 696 277 -1013 145 -650 114 -247 -1023 857 186 -697 159 -461 -716 -63 387 1145 272 1333 63 -398 1026 -334 -98 157 -577 -167 -45 -292 111 -150 270 252 341 511 -597 765 169 63 -155 311 1005 205 835 296 677 286 23 12 -182 653 701 122 176 0 0 0]
[239 -254 303 379 291 181 794 -1041 1020 127 -1 416 400 532 -692 326 -611 33 348 -647 -338 -623 231 -89 -34 88 803 662 -306 397 -420 285 -206 -296 -194 490 58 245 638 -697 -259 -76 134 726 437 360 243 -175 -1378 665 967 -224 -69 140 451 -529 -115 -78 -163 250 37 4 0]
[-655 -388 -1131 -845 260 -104 107 -305 -195 455 -325 -512 -1030 -107 148 -622 427 -716 261 -521 -588 -290 629 606 122 -348 277 739 1000 248 383 581 228 309 -716 494 -212 -833 77 448 192 -276 185 52 342 -418 166 -570 -444 50 542 410 330 78 351 -189 109 528 -782 423 65 0 0]
[-651 70 -155 13 -251 -174 0 350 -1143 614 491 238 -531 -493 26 -446 75 527 -554 303 -903 -272 -268 -156 -508 -228 209 1041 -508 -323 -5 -771 481 -36 64 228 168 -1 -565 4 872 -541 414 247 -134 114 34 5 990 122 119 388 -455 728 -273 -439 164 -437 -225 -57 202 -7 0]
[30 139 151 -51 394 -276 564 -58 86 199 953 -1090 -249 149 -669 235 -661 45 -97 -574 -115 -212 329 -200 138 692 -264 570 -155 -76 33 -68 -249 -371 -149 402 -100 224 -1025 -131 99 -625 97 72 568 444 -53 638 706 524 309 576 321 17 -153 -543 1149 501 -355 -390 376 -2 0]
[-335 291 -229 -109 684 -146 -522 106 455 -474 -326 -693 541 356 220 4 -672 -285 381 -60 -74 83 66 -312 -465 167 -727 -303 939 190 173 537 213 -268 -525 634 432 470 -365 -275 356 -400 -131 286 230 461 -450 -241 671 -546 364 219 -154 352 -89 137 701 -80 -353 -265 -145 10 0]
[652 392 188 54 -494 -153 -195 -631 -155 -144 -296 54 1180 102 -225 173 185 -249 -743 -506 79 -119 -576 -543 -581 -300 188 -765 541 251 -585 -89 265 125 -156 137 -44 114 1353 -421 -893 579 -423 498 -597 -322 118 150 -560 -239 310 53 -157 -877 -116 57 -295 148 -87 -699 -430 -1 0]
[-288 -281 -178 -447 857 259 -615 -72 727 74 -1242 443 -92 -335 438 438 10 -431 467 -481 -343 350 265 -145 137 -304 151 -597 523 431 -171 738 120 178 -295 -109 199 -109 1142 335 368 -139 98 -450 473 -615 -44 -887 397 -434 -766 117 -453 -1203 286 664 185 536 882 195 -343 0 0]
[-4 -1331 48 64 -565 -111 675 -640 -319 744 560 804 -275 7 -162 416 -797 405 102 -400 278 -271 525 -106 -91 421 1192 630 -963 -162 -618 -1044 277 7 380 535 -182 365 901 352 254 -388 60 194 689 98 611 195 271 916 307 889 -32 -742 -79 -194 -203 425 -143 -361 451 -12 0]
[238 -353 539 -282 48 935 -356 338 -150 917 385 127 396 -310 -167 -593 345 858 -717 -367 -602 -650 -412 -896 -569 -169 -716 159 -793 69 -994 -612 -140 -188 453 -10 359 550 -21 -267 -71 944 502 802 -30 536 -22 -315 23 680 -78 307 -681 -66 427 -203 35 -411 399 -326 49 138 0]
[580 -142 -472 -630 1045 -297 -989 271 -106 78 337 -571 -33 450 152 112 -329 195 718 -372 -26 -680 -206 230 -697 413 -456 -319 -142 1027 398 -44 -74 228 238 -426 356 -206 -5 273 102 307 288 352 49 -515 -90 -825 33 -766 -388 698 -27 -79 1029 -546 76 426 -242 -920 315 149 0]
[155 -192 -24 84 350 -963 -305 -143 340 85 1203 -110 -292 834 -271 548 261 -582 667 18 1066 -469 -150 553 -1400 -668 317 -660 164 22 108 1035 568 400 27 1248 -184 579 -49 -755 -204 -468 -38 -87 -727 -191 -373 -907 -103 -226 92 -822 -533 -95 222 218 -550 66 -708 -796 165 -7 0]
[-639 -20 -171 -298 -137 -887 -374 -195 -49 189 -281 -81 289 437 -101 -533 -302 -430 201 646 492 -770 -478 471 -94 345 -34 -483 375 -676 873 336 433 -22 -67 -355 -602 -957 -296 366 -34 -1 -541 355 85 444 -306 -122 268 -608 -243 -480 -340 78 -518 187 -322 -210 -904 -75 -87 6 0]
[-205 -632 926 381 -549 413 -524 570 -491 261 -982 1096 -338 -756 593 541 -1391 -45 539 23 250 -182 322 -416 670 13 -577 318 -1265 -116 -300 -273 547 -361 476 72 -201 590 1027 -424 305 -146 598 -109 -343 88 -291 8 870 -318 -1047 -245 -610 -614 1107 108 -144 -49 1296 145 468 -7 0]
[-851 750 -112 -846 414 463 -1407 750 -212 -509 -139 -799 546 109 429 -366 -127 983 -604 147 -536 -515 -201 -200 -477 -328 -553 -9 562 579 -125 -482 -63 111 -997 -1184 485 -226 -842 -434 95 -786 109 401 -63 534 -224 -222 -85 423 498 306 -98 753 149 -675 1194 -159 -475 -473 -199 -139 0]
[-304 617 384 -305 1130 -558 413 -250 341 -212 -273 -738 368 354 128 141 202 -670 35 -194 419 321 171 -284 490 601 -158 231 261 -83 -983 -251 -670 -71 550 612 220 -429 367 885 300 595 -294 -453 765 -39 396 322 166 -43 80 1146 52 -822 -456 364 -1 22 712 387 219 -139 0]
[-1548 252 143 627 197 -21 -379 409 70 -171 260 402 -304 -526 -460 -813 86 -407 339 548 550 -370 -1146 -282 -842 -460 455 805 -550 249 -162 436 19 -545 87 232 -805 377 -313 -149 -261 -181 691 354 659 -213 -245 -128 -142 -532 -30 -1218 -1638 -411 -626 33 -347 50 270 830 -192 140 -3]
[60 196 87 759 -15 -723 224 188 923 -970 710 305 361 974 94 -849 -232 -503 967 283 1397 288 -564 239 -169 974 698 -665 -587 -196 593 -206 -109 -102 415 -20 -332 572 -840 451 -498 -222 -502 83 444 -213 192 416 -268 -460 131 -360 -215 -277 -643 748 -737 169 -500 -584 60 130 -2]
[-361 677 591 142 884 298 1325 -62 -439 423 -68 -56 289 -386 65 -173 -272 -97 -396 -864 -984 -374 -203 -670 741 158 21 1240 -260 -387 -596 -348 -421 -726 169 586 213 69 -143 -112 623 -756 401 702 184 379 516 1101 293 817 617 501 -308 -224 -159 -674 117 -105 7 209 -175 187 -2]
[-498 623 -928 -747 363 207 -380 -161 -125 -88 -504 -873 600 403 112 -1193 1169 220 -351 -99 87 -92 -328 89 626 -311 238 207 838 -53 142 -356 -700 317 -624 -281 529 -655 66 136 1721 394 -656 205 387 -624 146 223 -1015 -619 674 690 665 -181 -242 250 -569 -720 507 129 -272 -160 1]
[1342 67 18 -375 9 -278 520 -102 180 346 163 -451 -30 248 -430 926 738 503 387 -279 -378 -609 -978 -381 -520 -129 593 -885 26 3 261 469 35 345 245 -282 405 111 -245 -273 -749 407 -251 -468 -348 -280 144 -20 409 453 -641 -383 -315 -1023 229 38 -225 849 137 -796 -149 139 0]
[-369 373 258 353 390 315 -231 -159 504 110 413 -168 54 331 -1073 1048 -949 254 582 -677 -29 -372 -389 -1292 2 401 813 127 -158 411 -461 330 -339 -585 323 -448 -48 317 776 -432 -223 -66 183 -562 801 659 390 163 -682 -140 -358 -307 228 -302 253 -147 705 123 820 182 331 -121 0]
[256 101 101 611 353 167 578 140 703 -227 162 694 -571 770 -163 -1253 303 -722 1166 -275 -472 798 -364 -130 -589 193 754 201 -256 95 535 661 -167 -116 769 1065 -25 836 -133 265 -684 993 -693 513 280 -30 -125 -487 -75 -378 -767 -102 -153 -513 -770 -131 -635 7 409 53 138 79 24]
[-930 -630 218 -1113 315 405 -363 830 -886 869 789 -20 -665 -30 557 648 496 569 47 295 -38 -265 445 93 281 -13 -441 -197 -50 -256 -354 -76 -335 -85 372 -822 -27 -776 119 252 327 -250 -213 -289 -40 835 -309 -477 494 642 -344 178 337 290 -187 299 576 -457 -196 287 120 115 0]
[651 530 809 101 135 147 -35 338 -42 5 242 652 -95 -183 229 805 -794 18 283 -155 -739 75 607 627 880 -95 303 -467 -918 -380 1122 630 322 307 162 -509 532 288 -275 -584 -312 -1062 -700 -925 -669 144 -230 -172 -64 330 -351 -836 360 1251 -379 -289 260 -138 -261 -568 21 -81 24]
[-795 146 -650 442 -535 -355 -90 565 -708 -181 148 -279 -102 264 393 -160 226 67 -398 337 1051 24 290 890 -51 -591 746 307 -65 -248 616 -336 188 461 -197 26 130 121 -1090 68 639 -203 474 -44 160 166 -89 526 163 315 609 263 -249 -43 -73 429 446 118 -704 -395 -146 -207 24]
[700 -146 -188 353 55 363 -210 -40 -606 -565 141 162 -641 278 372 261 -1199 -197 675 -658 -118 85 591 126 -346 375 280 399 -617 926 -70 -942 196 539 587 -174 410 254 133 205 -564 237 528 153 288 -112 104 -422 -17 -162 -838 751 652 -276 1517 -1023 109 450 -675 -864 356 18 24]
[188 -135 -1078 99 106 179 -987 444 -55 129 1402 -1095 -319 238 -733 -827 883 109 36 438 894 265 -371 294 -953 -194 -168 -266 266 418 403 159 -167 -677 188 774 -185 223 -996 362 60 632 -37 202 50 29 237 49 -61 -230 327 534 464 -185 -647 -252 27 167 -576 -301 259 115 19]
[69 671 518 -1252 953 43 384 321 -131 602 1036 -1168 439 -251 -315 -121 258 -311 15 -135 340 -134 -455 49 110 -26 -777 102 -3 298 -240 200 -930 23 -548 -540 370 -232 -216 -142 -259 30 -358 83 -488 -401 -401 387 -1295 470 189 -300 -29 -57 -472 -590 246 291 -9 -81 -487 283 5]
[186 25 893 140 307 -451 259 286 -330 773 416 -324 -295 -330 229 97 5 -424 926 107 595 27 -816 -573 144 587 -90 -277 -370 326 -209 -83 231 451 250 -187 -338 -175 -330 -279 -639 283 53 -866 -182 -362 400 567 31 -422 86 -424 -79 428 110 200 34 -144 -336 -36 258 -83 4]
[-551 -782 -589 -907 -1048 604 -336 184 -237 293 -413 282 -868 -193 433 -31 -144 -66 288 192 213 -374 457 573 -40 -396 636 568 431 763 242 -1 140 -315 -959 -157 -671 -413 137 -83 -122 -532 610 471 571 -83 92 -911 -130 260 624 257 424 -22 -560 -106 -49 413 -1069 -45 210 123 -4]
[14 18 -254 -1197 829 -778 -270 -417 618 120 -131 -724 192 770 -212 -511 870 237 -46 30 -605 491 -692 -380 -372 -209 37 -928 850 -947 -88 763 230 -32 -148 503 452 -708 -115 29 -451 -2 -1203 -216 -796 521 -129 -202 -170 591 -253 570 -210 54 -563 986 259 419 507 205 230 -87 162]
[583 -35 254 333 -734 275 390 -329 425 -342 -373 544 658 405 -277 1469 -97 4 -3 -926 -305 180 694 478 143 -258 1235 -393 123 -27 288 294 417 -102 -643 246 548 -29 1017 -177 -699 -449 254 32 -697 -187 -9 -362 -499 755 87 -1 21 83 -59 792 210 422 462 -298 -258 54 165]
[947 -276 187 147 -535 -227 309 -206 876 -899 76 668 553 550 -14 -302 -235 -664 574 130 -77 11 -485 15 -513 684 -6 -490 247 -230 -586 -165 326 4 785 -121 -3 487 282 -123 -873 516 -680 435 -193 56 10 -499 4 -249 -604 307 57 -636 514 43 -846 -211 -171 -584 -371 -144 -41]
[-748 -12 189 342 -326 -259 767 -182 -155 482 -224 379 -270 -127 363 -196 -418 367 176 362 -201 -13 -622 -401 527 325 459 -628 -39 -732 231 495 -249 -483 -207 -463 -427 -58 308 425 -75 -225 48 -509 -431 480 735 1162 -111 1045 367 -854 -278 -294 -1524 -222 285 327 -241 770 -266 -206 178]
[-89 222 -137 -137 -238 -941 -685 -173 -163 -489 -8 -111 453 813 -281 -151 -588 -406 -152 -84 266 -532 -270 -125 -996 346 409 -233 -398 89 -308 -499 563 -43 592 33 -31 -622 359 10 -512 -66 -442 233 973 -639 -15 -594 383 -1447 -125 169 -316 -141 860 66 -636 -170 -366 -877 -92 84 52]
[883 616 349 -716 631 -425 635 52 -178 277 -711 -270 71 276 407 582 -339 -163 23 -355 -581 -225 -145 -212 1127 802 -119 124 13 387 54 -218 -67 -65 537 -453 250 -531 583 512 -46 -57 -473 -285 30 -336 111 255 916 -776 433 600 740 -574 -488 118 -32 195 191 -113 409 250 -34]
[147 -92 107 -251 286 477 -873 548 -629 297 197 -690 564 -94 -679 500 -77 645 -637 -490 -514 -516 -506 -691 147 -18 -499 -267 -577 709 -140 -820 -107 -588 -115 -906 439 294 1286 -393 153 -172 -68 130 -704 -36 -21 420 368 183 -278 876 25 -1155 10 -466 1068 269 1312 -202 128 214 52]
[688 587 210 -659 8 -118 -467 -176 173 885 -786 -14 263 -480 -69 569 -959 -138 209 -429 -682 -484 -439 -1052 514 1087 35 -93 552 321 -6 166 418 -653 133 -728 255 -401 983 -324 -601 506 -585 -129 -84 375 575 283 51 261 448 344 229 -439 -234 66 468 317 124 -392 294 -223 121]
[350 681 295 -417 928 183 -56 -66 53 179 111 -920 30 41 -326 388 176 -41 112 -35 -754 -123 17 -200 632 182 -346 501 -112 767 -1 396 -1111 -247 -217 -575 308 103 41 -465 419 648 -222 -327 353 -281 -151 22 -565 10 319 7 469 -117 -1289 -774 738 292 560 306 236 -262 -157]
[-110 -236 423 464 -144 171 832 -109 -118 620 -159 1375 -116 -515 83 768 -870 34 -62 -447 -222 163 -513 -490 121 -300 789 274 -360 -656 -972 296 406 -106 701 -402 -37 283 232 386 -230 -808 94 -1192 -211 340 665 1040 -338 128 191 -804 -113 165 239 291 -20 242 -226 646 -517 36 -54]
[-709 231 -81 -377 286 -477 -57 323 -795 210 126 -249 285 295 332 -120 1403 -130 -683 784 289 -583 287 550 382 -584 350 0 -123 -659 -556 -561 -419 219 67 -194 287 -1325 599 207 707 312 -13 276 -192 -509 -99 -539 -302 -273 427 409 -561 -126 128 952 -517 -774 383 570 -362 -78 -178]
[-46 1427 212 -830 714 -594 646 -569 432 -226 92 -75 392 251 65 -121 -228 -236 368 -121 -646 -503 -362 47 -523 632 639 683 919 127 -56 180 -259 -79 277 148 111 -330 28 -134 110 -879 -1153 90 651 465 -136 -235 666 -401 432 52 -362 -200 -1065 -688 -442 -36 -347 -285 72 44 87]
[-315 668 832 983 487 -169 191 23 78 -700 12 211 772 686 -172 -314 -927 -177 122 -792 4 -208 -814 -528 -316 414 -56 -62 -682 456 -265 326 -224 -492 104 318 -394 399 231 69 -1128 -49 789 457 -444 -171 547 830 -603 -344 386 -485 -389 -123 -294 -213 -52 -47 -204 21 -46 114 -113]
[536 -23 -414 -176 -15 -5 -1161 367 334 163 822 52 -342 -455 -4 -480 272 -128 281 135 602 164 -442 -237 -706 76 21 -323 323 1278 101 320 -272 -10 36 -542 -87 503 -74 -359 -832 477 333 -90 -162 66 3 -658 -578 -371 -160 -85 360 135 -14 373 206 127 -544 -455 608 135 -148]
[236 -303 -239 -788 -420 1023 336 376 -553 329 -477 -622 125 -350 686 -528 122 521 152 -1047 276 -113 271 -163 1265 142 -968 340 -29 -33 578 -29 -871 -389 -697 -69 -33 -294 -57 151 -195 46 545 851 -444 -337 167 903 -953 444 760 -105 116 -121 438 170 -180 260 210 -196 44 483 52]
[-697 -166 -47 537 300 552 85 507 304 39 -149 261 -620 -293 -69 -9 220 -402 155 -188 445 -541 265 429 -361 -474 451 794 -503 415 412 174 122 128 -261 963 -158 133 -155 79 861 -635 987 483 240 -675 -433 -486 -10 797 -513 -458 -880 -560 -451 -688 -208 -110 328 -163 285 -94 227]
[428 221 -138 234 -224 422 98 457 -597 -187 270 -925 798 -19 -658 248 315 701 -677 206 369 -264 690 240 1161 82 -898 130 -335 -226 51 -698 -776 227 294 -743 538 -237 23 387 -79 804 456 -354 38 -106 160 1103 -1206 129 628 -155 718 665 547 -111 66 -478 251 512 -151 66 237]
[-220 -657 -551 -46 252 -1053 731 -294 94 541 553 340 -431 706 -724 -51 421 -20 183 485 -36 -177 61 356 -337 -306 1472 101 -318 -396 -216 -278 226 566 127 622 371 -181 252 337 317 -341 -602 -139 633 -376 707 -3 -65 245 762 353 161 -237 360 55 -938 -418 -253 425 124 -416 -157]
[122 -311 -405 178 -203 -226 660 -369 -733 152 491 -268 330 636 220 576 316 158 -166 263 492 -451 249 692 62 -51 461 -114 26 5 -197 -964 -632 66 304 -555 -242 -495 -299 112 -53 786 357 261 409 309 292 313 -409 400 649 326 487 494 460 -316 -201 -80 -924 491 -53 92 -154]
[-613 -780 -51 147 -389 1004 -47 137 499 160 -1006 104 -146 10 270 -782 -653 624 116 668 -217 374 -9 -738 285 288 -614 -280 49 169 383 -322 -20 -226 -558 -481 390 222 -644 547 194 95 595 -80 -5 1325 417 629 80 714 -397 -115 207 700 -411 -217 743 -63 -613 1155 -171 31 -50]
[-461 576 -378 -71 -82 -745 -1003 790 -111 -317 614 -842 308 499 -410 -859 103 -265 -528 850 636 -72 237 155 -437 -319 -1081 -28 32 73 182 -211 -76 -111 -230 545 41 81 -394 122 275 605 448 261 -788 -338 -611 -121 -67 -909 157 -151 -186 -85 -65 -212 -126 -819 398 -46 57 -382 132]
[-299 -532 240 381 -629 1202 317 395 -520 -486 -566 -756 433 -344 269 1013 -92 -51 518 -540 531 541 890 205 590 -305 154 735 219 -272 -188 -496 -92 312 -91 246 -22 55 79 -59 -97 165 980 -518 664 -239 140 -63 -186 -331 -341 -93 -118 949 891 948 28 -13 451 259 -470 -124 -95]
[-309 -436 -536 -245 -412 327 -755 534 -940 889 601 -329 -866 -235 46 -863 1194 -223 -214 -4 -128 419 135 -368 -572 -720 50 -54 16 -420 -297 131 768 71 104 1108 -373 337 -352 -322 -207 395 45 -576 179 -301 100 -236 462 -526 -211 -152 -516 248 685 470 -69 147 469 -157 343 53 149]
[-321 -373 66 -277 -561 -113 -1442 209 -512 337 571 -19 -716 -218 -170 -269 -497 165 -16 1077 356 266 -378 241 299 278 -1086 -161 -523 533 -354 -291 362 37 -9 -1265 -202 -754 249 140 268 -71 -255 -782 279 -275 -566 -131 235 -1161 -115 -36 1091 538 322 -201 -2 -882 158 409 609 -6 1]
[-58 -208 496 -900 800 169 69 200 -89 363 118 580 644 285 -251 -235 -211 505 -25 303 -104 467 77 -284 71 7 -514 152 -767 -287 193 47 -661 -633 -221 -420 631 5 999 -311 404 -733 -272 881 -747 -275 -897 -34 -316 215 -255 -135 -103 189 -851 56 -526 -102 1578 289 -416 356 31]
]