[[627 595 -410 1162 166 41 192 -290 -193 347 358 341 484 -72 266 353 -201 -376 436 693 -832 -375 137 -375 293 -547 277 -147 -870 245 390 140 -16 -116 -345 669 -266 -848 -229 -80 -137 -1197 71 -217 -415 462 59 -198 336 -1219 210 -201 641 624 301 -455 -274 506 -1137 55 61 -551 -1027 -617 -286 -853 -599 -224 -224 27 91 -58 2 0]
[-1466 -679 58 -19 284 -484 -272 775 368 1143 309 -677 -754 -176 -1198 -419 3 312 163 -47 202 852 -122 483 1104 122 60 208 357 -422 -574 -204 -240 562 -91 49 -351 79 776 -121 -997 108 -234 113 -141 -629 480 -411 997 64 507 759 -787 -985 760 -499 76 -73 773 377 -562 690 382 -367 -69 131 -471 -479 333 224 453 -153 3 0]
[79 41 108 -132 112 410 -633 955 -693 1854 862 -715 218 384 -73 -930 439 198 488 192 143 -257 578 981 87 746 -92 359 -343 963 105 321 -158 857 -637 1249 -591 -1127 892 -10 979 -1338 -765 -141 -19 158 -152 -1251 342 453 39 1109 -926 -660 268 59 440 -797 -482 -285 -424 134 499 -739 299 -872 -494 -817 301 -54 390 -192 5 0]
[-1320 63 -607 -481 514 175 418 -9 1123 -114 82 -1092 -1003 -735 -512 273 -1230 -20 -727 88 -608 -345 -572 73 165 386 145 -105 685 -700 -831 184 -13 -282 1028 -389 630 180 -363 1404 -1264 875 519 304 -292 -411 128 675 194 507 -111 606 106 114 1998 -1058 -435 -39 486 -402 -282 573 -174 581 -634 1051 -600 175 1068 342 435 -114 1 0]
[139 -222 553 951 490 -701 -478 -528 -435 -105 -32 1325 189 1674 -357 38 869 404 458 -405 551 414 -94 676 415 -20 429 -134 396 829 -301 828 517 331 -828 -450 -996 -627 1348 -474 545 -155 411 734 428 474 159 -133 -804 -170 -60 -100 -1283 39 81 395 115 -428 -1062 69 -359 -320 885 -265 -143 -676 368 51 -599 -426 65 -39 2 0]
[1073 -267 572 -685 -595 469 11 -374 201 204 -848 -1165 -281 -586 988 628 -760 -526 -62 -178 -123 -926 137 -819 -653 -392 456 -185 702 -274 841 62 240 137 -1082 966 722 1014 -1242 112 893 1139 188 -180 -268 -167 -37 -206 810 309 49 -107 -447 -54 -409 42 330 741 319 -546 1264 -434 -62 -7 45 -128 250 25 126 71 -431 192 -5 0]
[-264 697 -467 613 -333 -188 28 1014 -504 -245 -187 138 1334 -669 -55 648 -167 -15 -106 577 -591 -456 392 -99 -765 490 -200 715 -1656 301 -861 377 938 590 673 0 -124 -798 -760 358 94 -731 -472 -230 95 -331 -710 -16 -506 277 -285 -50 1114 -41 -537 -323 276 -923 -863 -435 -218 -623 -1670 -656 71 191 -56 153 229 -228 96 -65 0 0]
[817 192 -130 -496 342 -508 509 979 -794 -745 -884 178 1155 16 -773 -551 407 -634 551 445 -92 588 -26 124 -445 -76 -686 374 -1105 771 589 -181 -92 606 181 -75 -373 -159 -370 185 324 -585 -218 -486 60 -993 -1606 -468 -1092 -222 148 -187 410 -507 -1629 846 32 395 -105 794 497 -496 -656 -941 517 339 426 565 -590 -426 -273 88 -3 0]
[1333 -987 311 -141 -37 -334 280 468 -289 -1321 -1867 257 635 -136 -562 162 293 -65 538 127 -54 13 542 765 -401 461 -66 30 -479 -180 -869 49 1052 642 -537 -1381 391 434 -47 -164 916 1835 233 536 638 26 -49 -492 -377 167 277 -595 -634 355 -750 324 350 270 685 632 116 130 579 -688 4 209 757 267 222 -104 -305 152 -3 0]
[1313 1076 351 826 -239 852 -215 -443 -658 -406 345 659 -231 139 873 714 336 -138 -325 470 -1619 -1280 -18 226 -234 706 -578 -276 -1035 301 -300 386 853 -547 -246 551 -118 -825 -189 -760 585 -218 227 573 782 751 -274 -144 52 146 -746 -410 534 1535 226 239 -452 -229 -512 454 -219 775 914 -34 171 -567 -489 -174 -36 220 -7 -33 4 0]
[392 536 1040 368 513 -43 -625 -815 -320 -340 1175 990 161 605 -576 171 742 907 -743 -525 755 734 -382 230 -961 -207 -196 -385 751 1067 112 -261 -557 -259 572 -367 -817 240 1193 -364 -1142 -144 513 -727 246 122 290 633 -136 136 -384 -436 932 -80 -1028 871 -1144 -158 -485 779 -161 279 -276 808 301 693 437 -81 -960 165 -165 20 0 0]
[678 -464 710 305 -678 -359 -600 219 -640 333 -320 -813 773 -813 -279 446 -510 355 -181 -649 1147 136 499 -208 -411 -101 -161 -159 701 -73 -339 760 608 933 140 10 184 504 1205 -332 504 1084 -417 -5 -482 371 319 -1029 412 709 -374 -334 -411 -797 -1014 537 640 640 1294 -28 403 -320 -614 -1383 287 625 765 79 -15 -91 -365 146 -5 0]
[-79 -282 72 -388 -189 916 281 -617 1107 -582 -309 34 -694 -890 1602 -99 -533 208 -1206 -195 -294 -151 -803 -1687 79 -644 634 -645 313 -1052 866 51 827 -1726 721 10 1071 964 118 416 -36 16 -76 549 -221 1215 -682 891 379 144 -448 -560 546 542 382 165 -277 1151 272 -653 666 67 339 954 -540 50 237 194 471 -171 -230 108 1 0]
[284 392 -499 516 502 -655 118 717 -148 1179 445 -378 68 -953 321 -382 -50 -183 43 1109 -868 -397 1015 794 1557 -285 12 477 -250 -57 222 537 788 475 -869 828 -323 -209 772 -579 745 -1227 112 827 8 533 -1461 -935 1115 299 -22 1056 -724 279 584 -466 193 528 163 -80 -665 -192 286 -1267 313 -518 -786 -344 539 -144 410 -149 6 0]
[-812 518 -258 1581 -895 -784 -496 -944 533 108 411 12 -303 399 137 1111 -205 252 506 546 267 441 82 -164 2108 -1656 -806 -372 173 -1241 396 418 547 -242 -831 -187 -1307 193 -237 -1773 -587 -149 602 793 -710 618 436 240 1049 -297 132 -177 -19 917 498 -486 19 366 337 85 -100 1082 -81 -650 -187 -138 -74 128 -489 118 241 -19 0 0]
[2034 939 134 439 9 654 -1145 -42 -88 796 -312 -737 978 -398 0 107 -265 411 235 295 -65 542 314 338 78 -447 -1111 -362 267 100 835 -696 -1050 199 -426 225 -1020 498 582 -1420 -247 -617 -49 -22 174 387 -1209 -992 778 392 100 441 39 189 -729 683 32 1075 712 812 187 391 -357 -1150 327 52 329 -1076 -252 -249 257 -1 0 0]
[-454 -678 -807 505 -888 -1091 860 -785 -335 -568 -137 816 99 -1455 554 65 39 -680 -426 60 507 615 319 -855 951 -688 677 344 -227 -293 314 851 1202 79 232 -222 854 -203 126 -564 590 -33 11 203 144 718 14 1196 -484 0 -402 -44 67 917 -644 320 500 222 -357 -207 -155 -471 -334 -311 -365 79 730 602 -296 -97 -606 197 -2 0]
[418 -8 -517 184 -655 668 -381 -1298 159 120 318 296 733 519 305 133 -390 -133 625 -340 748 -125 237 -134 -612 221 657 251 1433 603 367 827 30 892 -592 787 318 -943 318 257 1278 329 -481 719 -244 785 225 -414 -1034 -240 -1072 280 -612 357 485 898 312 -598 -869 -1021 -164 -659 -120 30 -513 -31 441 -444 -37 -237 -110 -5 2 0]
[-524 175 -330 757 -878 -790 81 456 -113 665 -128 -299 535 681 49 331 246 -460 427 -566 602 398 -261 -183 516 -141 124 -104 -107 8 47 259 -334 348 -168 61 -476 -243 -478 -264 529 -1249 -402 4 -303 -849 136 469 -192 -627 839 -174 133 208 485 -304 906 736 -338 -267 -140 -788 -585 -478 -727 -488 -542 600 -497 -124 -233 -65 -5 0]
[1179 -509 -342 -174 -563 1106 -430 622 -159 414 85 -495 895 649 1127 91 -22 196 661 135 122 -696 918 543 -1865 47 -467 52 -892 264 558 -177 351 260 -138 347 309 25 -502 -569 1653 -1185 -555 -218 -691 910 -643 -698 676 61 97 -169 1447 1112 -779 -272 -423 -139 -645 -762 348 -387 -474 208 -182 -853 -562 -163 119 243 -437 -30 1 0]
[341 632 -745 57 -137 -3 683 15 214 447 369 621 1011 -113 816 -282 49 32 495 666 640 594 1223 -431 815 -1041 -240 98 190 -828 1447 -1209 -885 -643 -680 657 -103 -339 -335 -49 312 -1366 -433 226 -398 467 -541 -597 322 -476 585 130 -77 -403 -231 450 1450 792 33 241 120 -866 -348 -752 347 -958 410 -354 -475 -455 380 49 -1 0]
[1208 160 53 -299 -126 851 505 23 -264 279 1304 -289 730 -655 214 -537 -657 -323 -235 301 -26 -769 936 1610 -1155 1305 7 -107 1148 815 409 -582 -923 389 449 922 792 -744 143 795 767 -608 168 -1442 407 648 114 231 -456 64 -82 781 307 1015 479 523 442 -72 -323 -180 -547 -122 165 183 -294 543 160 -757 389 231 -5 -110 -1 0]
[298 751 57 -22 -117 -863 783 -793 481 -462 -549 564 -182 15 407 268 1159 131 -728 -704 694 676 212 -466 117 -252 150 39 767 -137 463 -74 -571 234 -815 -172 139 715 -679 -868 214 1072 549 279 970 -558 542 1168 -292 699 594 43 -1202 767 -118 620 120 932 397 396 465 -545 1219 531 -99 440 795 722 -778 419 -672 309 -5 0]
[-762 -843 -177 -1021 -793 -1528 66 -706 108 -505 -667 -1170 -355 -799 -689 732 -608 -677 536 88 680 612 -440 568 109 -981 -69 801 680 262 0 47 773 1369 -1134 -220 -440 1261 -1051 -612 -236 1981 36 232 -474 -1948 -237 698 498 10 -111 247 387 6 -668 70 -339 -133 91 435 235 719 -49 275 253 516 53 1115 -723 90 -269 115 -5 0]
[27 -275 -496 -388 212 674 55 -178 -431 66 -349 944 -591 280 414 -201 460 -358 204 -329 -708 170 733 121 142 733 -229 309 -805 -66 -582 -600 518 -92 -22 -275 596 15 -764 -260 400 217 183 1556 606 197 -804 78 -35 832 -599 -154 430 1049 -301 195 -6 -789 17 519 -1015 575 839 520 173 338 -635 -496 551 6 50 -1 3 0]
[-612 -362 -596 565 648 422 189 269 -483 254 -292 834 151 -465 283 520 -618 284 -996 -162 -368 -734 409 666 680 1166 -146 593 -182 -568 -1498 7 1273 -72 1507 -961 478 -97 901 682 -289 -152 -511 1343 839 779 -336 180 -391 643 -698 -253 -620 546 1185 227 1023 -725 -102 148 -1518 -390 375 -220 -287 -119 104 -554 924 -765 608 -75 3 0]
[294 -275 -196 -1305 -294 393 3 792 -591 -398 -797 -715 46 685 -75 38 35 -790 716 -207 -590 -1034 73 -665 -1098 66 -34 461 -1699 119 257 554 -319 -637 49 -432 820 -257 -1339 1054 803 344 -105 -450 -190 -436 -1250 -397 -1052 381 258 193 349 -1002 -335 -912 123 -945 -282 -1080 1271 59 -53 -533 30 -116 -207 769 652 -217 -336 39 -6 0]
[-253 -463 801 430 787 -634 -1344 993 -202 226 514 219 -48 341 -785 -1333 1252 157 314 749 205 920 391 1134 527 -333 -244 -235 -148 1014 -307 -45 468 139 -565 -235 -1186 -428 1206 -151 423 -523 877 -934 218 244 820 -91 795 264 218 582 -764 -705 -1319 208 -565 -1361 -242 -49 -698 1507 334 138 882 -96 -51 -619 -361 99 321 -211 5 0]
[578 806 683 270 164 9 620 386 372 4 204 -527 445 -668 45 -142 -61 1054 -459 1212 -409 -221 291 796 -478 385 454 -238 37 246 -418 795 1330 194 -816 -363 146 -244 67 925 -130 786 357 632 -73 393 -233 -25 827 -4 -48 78 532 -263 382 -340 -613 271 -701 31 128 301 -926 -620 -489 -740 369 76 438 102 521 97 8 0]
[86 -73 -899 0 -370 84 -344 -771 -558 579 270 -227 -1169 -148 418 -96 10 45 -124 -641 -595 -250 -934 -1237 697 434 -983 -132 -659 -45 -543 435 -1201 -213 1018 223 -279 -767 -119 -1296 -515 -447 -26 470 302 265 466 -769 -506 675 -96 165 -321 752 307 -489 188 -391 964 280 79 462 454 -592 434 415 -701 -790 490 297 -95 -43 -1 0]
[-1055 -772 180 -373 -83 -279 -16 -602 -133 -112 -76 -645 -1266 -392 -261 -287 -176 -72 223 -620 281 -832 -191 -543 967 -763 -294 -472 -140 -1298 -12 -618 -980 -490 356 -49 312 1204 855 -758 -577 187 -410 -957 -948 -218 1944 -449 297 -971 165 -647 72 -402 -236 -642 206 1017 1895 745 436 -675 720 351 781 -204 326 541 -331 163 -325 -6 -5 0]
[443 -709 -58 -780 134 -1557 393 157 -412 344 69 -248 239 -425 -1088 -489 260 160 328 251 1174 241 233 1306 1031 -195 -276 425 -196 480 -634 -406 -347 475 -59 -1684 -870 821 335 -430 -706 665 226 -245 459 -843 -174 -388 -332 536 973 -46 -939 -149 185 -100 161 528 1150 883 -625 1204 -100 -513 355 705 482 184 372 72 111 -34 -7 0]
[-788 785 575 -25 579 -559 -179 -272 674 -381 1144 363 -618 586 651 -312 133 925 -704 858 104 594 -96 422 715 -386 -688 -75 1540 -216 498 -400 41 -297 -192 479 -1247 462 422 -216 -698 -246 620 604 235 907 419 391 500 -163 -113 -132 -439 -313 -149 690 -626 -880 44 72 -145 547 1190 514 841 -303 434 -275 -517 -235 230 78 -43 0]
[1096 802 -240 358 -339 -266 -110 -767 339 -925 -737 -303 653 -477 -377 566 -712 -410 822 -721 6 -34 170 -896 -842 -358 172 -831 -115 -614 -140 -902 -1126 -118 268 94 222 28 11 281 -347 696 -689 -4 -478 -714 1231 -983 -450 -1015 651 -725 458 -66 -21 -335 374 1944 1296 848 400 -1176 -1025 123 -101 -200 418 600 -421 299 -440 -13 -10 0]
[1298 178 114 152 543 1349 -42 193 204 -593 -588 220 846 -141 516 -961 357 137 1041 222 -319 359 152 406 -629 387 -547 -630 -1350 57 541 -1314 -764 238 73 698 40 -220 -253 290 457 -110 -859 -1242 30 199 783 -380 338 -717 150 -297 613 1006 -506 321 -20 512 -113 479 151 -132 639 895 -111 -255 -358 -643 -79 44 -28 -95 51 0]
[-150 275 -759 121 1204 8 1078 -728 963 -1021 -337 -9 -383 1222 1111 668 -171 -290 -455 719 -367 -891 5 183 186 -1127 -120 -712 342 -550 250 416 848 -983 -232 -246 233 322 -676 1147 646 -574 1463 -146 -622 762 234 983 364 -458 110 -651 -12 1340 1075 -912 -607 542 -1113 -913 628 -694 24 1193 -830 -1191 -252 1117 -339 314 34 218 -4 2]
[168 -17 -1310 566 745 367 766 -966 -325 -1178 -688 708 59 580 540 393 -748 -958 650 -334 -602 -1411 631 183 -270 133 -423 -215 -755 -374 -188 407 402 -1037 676 -694 919 -868 -488 1116 340 471 393 1054 -946 704 1141 192 -659 -923 -416 -669 422 990 479 -761 863 -489 -568 -106 -74 -1055 -186 2 91 -610 -390 760 -7 -584 427 -45 -4 0]
[168 -252 354 -983 411 59 -260 88 230 -45 -993 -1128 -704 -329 -162 304 -1293 -201 -457 -192 128 228 -893 -1059 -963 -604 247 -110 911 -184 -275 -85 -319 -543 155 -627 775 1070 362 1152 -692 1497 286 331 -641 -1014 -166 160 -25 -399 -211 -579 -528 -1558 -73 400 -364 1014 372 538 948 51 -393 -278 118 -242 283 628 -394 -365 -376 -46 4 -2]
[707 267 164 -849 -62 495 366 -64 -491 -975 -555 -480 -747 1254 164 820 30 -321 107 -394 236 -1415 -45 154 -647 525 -151 -305 -37 482 -54 1214 1089 36 -428 950 -53 -687 515 568 1554 148 -45 1144 -682 112 4 -1391 -875 562 -585 -348 -1034 -305 476 229 396 -571 125 269 969 -201 1569 -175 386 -456 419 1198 -482 76 -278 208 -31 0]
[-441 271 -55 191 201 -635 284 218 -680 -283 -636 -412 -342 -541 191 266 -645 -939 127 250 -1045 -264 63 449 548 -336 -297 -15 -736 -289 -937 -176 401 493 -221 305 -304 469 -914 -268 40 59 118 -482 -59 -1130 335 166 -86 -510 -56 -725 -26 311 -338 -506 370 767 561 248 -102 -915 163 12 288 -6 -845 660 -154 49 -270 -81 95 -1]
[-57 483 -190 -937 -164 108 -24 -186 -617 124 209 -472 868 204 451 -1047 1203 -386 69 -196 1006 79 778 139 152 -824 -301 418 -986 827 766 87 -349 -383 -241 -420 -733 431 -214 443 697 -662 -263 -692 -2 -320 -406 864 -1148 500 -97 -363 363 -720 -1047 616 393 -490 -629 -404 45 -43 252 360 713 554 460 759 -74 -678 111 366 -36 0]
[1140 -52 -406 544 88 -203 515 -861 -600 54 396 218 500 426 615 102 -473 513 -194 -41 876 -592 40 275 535 -46 -20 -164 -1 294 -674 143 -135 -735 327 -718 -421 -82 922 -224 -318 -724 54 691 49 892 423 44 -755 -403 640 -925 -395 228 841 -15 577 340 -538 292 -325 144 67 -662 -66 -452 605 -68 -112 -491 217 43 -33 0]
[1401 204 -1175 359 -387 295 -197 -798 -446 213 -40 84 849 779 144 -689 582 -497 640 81 238 -56 477 232 -26 112 -1013 -340 -130 111 848 516 -1054 -133 -148 65 283 -995 -53 -1222 1454 -971 -231 461 667 881 100 -942 -1169 -456 -27 370 -733 926 -638 423 411 838 582 -356 407 -455 409 -708 -364 -795 684 -278 -58 119 -335 -6 40 1]
[-674 -1139 58 175 137 -1126 -26 324 -425 38 -507 866 899 155 -408 -140 116 173 -266 -681 1359 760 -180 -8 497 -169 420 605 533 325 111 1066 1431 738 -98 -127 -299 134 630 182 901 343 -2 263 510 -105 -919 467 -648 502 -230 324 -1337 -377 -781 891 674 -55 -429 -503 -148 -229 -58 35 -118 510 520 239 -178 -484 -160 -403 163 0]
[736 699 974 701 -409 397 -1094 346 -1123 93 -255 -110 980 250 -67 -252 251 127 -6 -1002 -416 -441 -85 -306 -161 890 -1031 -52 -176 48 -468 -125 -550 600 84 477 -665 172 391 -966 -121 992 -583 -846 617 353 829 -994 -1130 328 -4 -518 -670 -530 -1297 889 769 -461 1105 35 304 489 342 -1030 985 519 629 -521 -112 -20 -44 90 54 1]
[-28 -670 658 -554 -339 771 -739 464 -924 -142 461 312 -198 1299 -177 -534 211 307 -268 -697 872 -213 130 625 -960 79 -641 -193 -231 63 330 49 437 -675 1284 -935 833 -5 805 332 783 319 -232 -770 -32 1504 233 114 -294 380 -173 -525 -466 -783 -1125 481 -774 -1186 250 -191 -41 1413 240 450 -98 -210 719 543 -191 331 -494 43 -256 1]
[70 -712 571 -416 222 -131 102 -112 -437 781 -341 -1028 -236 918 -1504 367 904 -390 481 184 621 -348 -367 732 87 0 -384 -322 -307 860 52 576 1227 340 -835 -316 -719 -514 177 330 144 350 296 288 -142 -1131 97 -237 332 571 39 547 -682 343 109 468 325 486 -461 1263 409 965 492 -597 -716 -687 150 313 -77 222 17 -26 -10 2]
[-400 835 -93 492 561 -32 45 -335 630 -452 315 69 -627 -340 290 193 -192 -328 19 -178 -1416 -561 -1087 -1864 149 -132 361 -273 -798 -151 232 204 -588 -367 564 1462 -207 -56 -52 324 -1383 114 -375 48 -354 -126 519 -174 220 -993 -72 -377 1036 -65 599 -534 -1082 353 293 212 797 -99 57 47 524 -272 -730 92 -8 119 -193 -302 89 -7]
[125 -133 546 -124 388 -1178 -107 -394 956 -641 472 384 158 7 -109 97 -513 113 -225 -211 -372 -9 -1268 -484 -507 -538 331 -138 1391 59 122 -476 -258 -736 744 -358 -196 750 398 -45 -954 -252 357 -252 -140 -67 -789 -34 -167 -1022 -120 -394 896 -610 -742 16 -523 931 415 11 153 -766 -1438 681 145 76 -363 600 -555 -192 -120 -79 -175 2]
[-919 1001 148 -704 -323 551 414 -256 217 -325 1338 79 -1056 667 -835 202 1063 118 -994 -310 189 329 -338 -419 -453 -20 -209 -204 39 509 12 264 101 -910 568 144 -442 -793 505 1314 -448 -529 538 199 -346 -336 -165 1025 -1076 818 -545 -53 599 98 1301 480 -493 -448 -401 521 -29 1261 734 219 -352 1176 -54 768 -157 624 -407 -63 199 -11]
[-1335 974 -74 -480 1517 -252 -429 461 809 110 335 143 -1044 24 79 -1272 80 -127 -760 437 -1375 -3 -569 438 398 839 273 -125 770 -17 -516 -252 -838 -1229 0 92 -448 -19 1013 344 -1034 -1169 801 -80 612 -628 -1072 856 -733 678 -203 1068 -415 -768 855 -269 -370 -195 -303 -305 -711 131 795 1131 620 -172 -269 -264 119 -53 739 -488 -124 2]
[-486 -370 1012 1080 -476 -331 -790 -186 41 -186 154 599 79 -190 -21 1411 -803 1087 -62 -803 -781 -556 -232 138 -1104 884 -492 -385 78 -530 -1358 155 714 472 516 -219 -68 274 443 -732 -1110 1386 -10 727 -122 -47 379 -673 -17 366 -306 -407 780 794 -119 -404 331 435 747 -51 19 -71 -8 -285 142 419 14 -145 -2 -71 144 -485 -88 0]
[195 -837 299 -29 156 521 -81 -1007 -223 -624 162 393 -622 17 -577 339 -393 318 364 -192 511 439 -151 35 -113 -838 209 -352 381 -306 -560 -723 -725 -699 -92 -638 426 0 193 -1039 -948 1098 -170 -563 -119 191 1762 393 659 -1175 -35 -868 768 -396 -632 135 -374 -115 419 1056 191 512 358 474 338 -37 -266 -404 -597 244 103 83 -16 -1]
[1181 29 603 -1004 -28 669 -261 -577 -528 1214 1074 -658 -949 -571 1375 37 -476 143 -1347 -1118 63 -1021 -234 177 -1322 969 758 -113 1304 1630 385 312 121 -74 -323 1098 691 911 274 209 474 -52 59 930 284 439 -603 535 552 1333 -698 287 798 426 -33 275 -376 -620 -562 -520 224 -288 295 331 416 -5 -349 -139 166 -213 -285 217 -6 -95]
[595 -1028 96 124 -176 -113 866 424 81 217 12 -133 34 659 -170 -987 369 -143 903 675 386 980 -254 901 1120 89 113 -878 -82 444 33 67 151 637 -381 480 -570 -1053 346 439 1161 -974 278 -78 -362 850 311 -714 133 -572 812 -50 -721 299 836 8 339 556 -89 453 -266 816 1171 -1058 -536 53 -869 -216 449 13 -53 -102 53 4]
[-589 71 427 -1002 588 171 162 262 59 295 1071 -200 -157 513 -65 -1298 313 640 19 188 -500 280 630 704 -552 180 -366 -140 602 622 371 15 150 -90 157 197 -223 -537 717 1370 214 -578 -70 246 -101 610 -1166 -513 -566 744 -17 786 -18 -634 -78 300 -127 -507 -31 -363 -150 183 587 -326 135 -148 -179 -105 632 -82 452 -21 -120 -1]
[413 590 628 -429 634 119 -20 417 -1267 -131 222 862 720 435 -775 -79 505 501 358 496 628 -275 964 765 -676 -312 -534 779 -1265 517 34 -234 482 656 -361 -431 -274 349 148 20 -34 334 -496 -53 -129 -140 -884 -653 452 787 -402 -697 1033 -601 -1263 760 -750 -361 -193 686 -103 -21 -358 -208 1102 258 516 300 -486 -306 -210 26 48 12]
[74 -134 -602 32 -413 1257 15 969 215 -1035 -72 241 1633 354 1015 -1023 206 566 880 746 -123 -1058 384 -256 102 881 94 -111 -1326 -66 -366 167 1292 -199 319 127 310 -1152 -463 373 1380 -804 -937 244 -712 1324 -25 -863 -786 -201 -527 -542 453 186 -359 -365 1069 -1443 -77 -1387 -321 -180 -884 102 34 584 -120 -560 1510 -208 530 -193 -87 -91]
[-1360 -601 -278 -249 -518 -241 -366 -1019 579 -671 -277 934 -529 740 -429 376 -95 -24 334 -198 833 610 -400 -1487 840 -111 801 -496 541 -627 -112 484 -14 -690 -464 -684 147 -193 -280 743 -145 294 371 1195 -311 199 775 978 -819 -420 -477 -360 366 -493 553 9 116 -850 -492 -795 -95 40 -166 703 -181 112 259 -30 133 -310 44 -62 -130 -15]
[-1009 -1134 624 -845 -473 557 25 421 344 1021 -298 -789 -500 392 -325 -708 23 -111 154 -442 265 431 -959 -391 1129 301 296 -203 582 -527 961 -1243 454 80 -746 1430 -205 165 5 -149 48 -872 -924 22 -227 -297 121 -400 380 4 594 -133 -793 -342 484 936 1389 577 205 227 74 500 526 -100 -88 -214 383 -558 169 -160 115 79 77 -86]
[-804 -1454 -750 -1232 774 1150 1377 529 229 -1203 -133 739 -874 -104 -1196 -1158 -361 -437 517 513 -357 51 -46 1092 327 217 163 39 27 -357 252 -1276 -796 -129 666 -587 629 35 -186 831 -662 -93 202 -687 -837 65 408 -149 -214 -781 -150 16 946 333 209 -113 -684 -122 975 1091 -569 -63 223 964 391 633 -369 -221 -21 414 296 -103 104 41]
[322 513 140 -538 -600 1151 192 -442 191 -143 -91 -269 -551 -324 1037 -46 -89 82 -794 -324 -305 -851 -946 -1556 258 -63 306 -174 -1218 -447 552 -358 240 -1600 322 315 -174 502 -1379 116 -928 -323 -192 13 363 140 -462 1142 -30 808 570 -400 138 794 530 95 -81 11 -352 243 321 733 12 1287 -261 583 -248 -29 372 -257 -67 -29 -79 10]
[-407 -305 58 857 -195 -536 -551 -353 -275 608 1511 337 69 -862 -264 -534 413 675 -320 248 858 915 271 23 356 -13 -689 411 661 258 -110 111 -1020 488 369 -94 246 -4 1407 -928 -778 302 -241 -298 273 -48 447 -573 947 217 -374 320 323 -335 -741 465 -552 -438 677 415 -401 924 190 -506 568 427 388 -666 -543 67 125 150 208 -101]
[-802 -123 355 -143 725 -58 -55 119 -362 -330 -79 876 -871 766 154 -209 1165 190 -694 -452 -339 -742 -366 -587 -196 431 -201 148 -100 -29 -527 206 583 -639 283 345 137 -197 -332 107 251 528 -59 617 404 -344 940 -133 428 109 -269 -384 -830 -477 -503 176 -88 -1015 82 322 148 -56 1141 409 976 244 -665 156 -116 413 125 28 -172 17]
[56 -613 -119 84 -106 -673 177 -201 762 -287 -109 1260 -142 -1686 -168 -540 1198 267 -252 148 -339 1014 953 -1020 552 -342 577 369 -272 -867 33 -797 -93 -168 -309 -199 1062 1001 48 -883 -546 41 95 -28 684 791 308 229 852 -434 176 -419 963 314 -1119 317 -735 711 806 596 -140 -187 -4 234 386 509 576 -607 -267 190 -594 160 -185 -39]
[870 591 -164 367 51 128 -422 -24 -99 78 290 -216 315 -1160 1103 1387 -163 -108 -1243 719 -719 -987 306 -73 231 -18 163 341 653 98 -186 36 950 -464 -388 813 -309 -430 124 -3 718 -62 -95 472 202 296 -586 -691 966 599 -357 440 -230 305 940 -123 664 -324 -329 -424 37 583 190 -750 442 -170 -837 -643 374 242 504 148 -32 -17]
[1381 -89 657 396 -252 685 -544 162 634 -941 -1739 626 773 348 -98 1113 640 1181 -118 -252 -78 -93 -126 -554 -1670 374 56 85 -523 -35 -502 240 1417 203 -812 -712 -650 462 -656 -726 346 1489 123 878 416 274 -224 -292 659 872 105 -588 73 438 -339 611 -541 -531 -478 164 950 731 68 -78 -31 275 349 -446 -24 165 -295 -10 101 -112]
[524 -411 266 687 -561 -29 78 -523 -325 -766 -1690 -65 762 -795 832 -151 -373 219 -675 324 -207 -90 -1157 -646 238 -299 584 -656 -667 467 -108 167 1155 -409 -71 -1129 -99 66 -948 382 326 -354 32 310 -274 -71 62 1063 -229 -1103 528 -988 371 1187 -202 29 538 778 -1290 195 360 -344 -579 -357 -856 -609 670 64 -208 -670 -19 64 -116 143]
[866 -17 1120 119 735 -426 168 -468 -370 19 340 538 448 877 177 325 -460 -800 724 -130 411 -31 693 -125 -855 -1026 1008 -222 182 1067 720 -93 -348 -283 -825 426 -161 175 38 557 -446 36 932 -1365 -396 193 -62 547 -244 -618 527 -652 56 -578 -440 129 -154 160 -1634 -275 795 -756 -420 215 27 -197 -332 266 -598 -571 -249 62 111 -41]
[-851 432 -1281 -830 -12 -586 754 -890 1145 -862 -502 -624 -1043 225 890 -76 -1005 -107 365 261 224 266 -587 -462 -710 -984 -195 -160 573 -229 580 219 -1017 -284 -273 -482 312 486 -1469 93 298 467 1011 -255 -573 -434 482 1322 -755 40 681 611 -269 917 559 -1016 -783 -388 -645 -1088 756 -448 -208 817 -270 -157 232 1026 -413 268 -601 87 97 -198]
[-1202 -649 -727 582 -364 -670 -830 27 -301 1203 652 116 494 338 527 660 -652 351 -174 -363 708 -238 225 784 -528 532 -5 388 1526 530 -769 -431 -169 1038 175 538 -333 -413 503 -328 47 -1409 91 19 232 -74 191 207 1 499 255 648 -273 209 248 44 1001 -1426 -1047 -482 -1004 -596 -309 -120 -91 -1178 301 -766 -396 -52 235 -241 -88 22]
[-1279 925 259 67 -356 159 904 -107 85 -699 -487 1052 -651 -34 8 410 626 -469 -442 -203 -1209 72 -296 -450 -153 800 31 625 -164 -205 117 647 961 351 269 376 938 -184 -1438 395 109 456 59 621 743 -1350 -778 1248 -833 412 -946 -125 -483 319 137 433 89 -75 -256 22 -151 -993 106 754 -665 674 -70 677 109 -44 -415 -79 53 82]
[28 106 957 -651 -693 1307 -829 160 31 923 877 -1034 -613 892 1003 89 625 620 -233 -539 66 -943 -452 -161 -771 590 -836 -764 -61 -213 860 -125 -484 -701 37 1394 -819 5 -428 -1169 234 -1360 -528 -1351 41 37 102 -138 991 1262 -46 40 635 287 -398 343 306 -306 450 -245 772 152 458 599 403 -377 -205 -910 56 358 -220 93 -281 -7]
[-590 -631 61 -1290 -60 320 -573 -702 -176 143 -1141 -169 -234 258 1153 -206 -447 -739 405 -1075 67 -1189 -678 -799 -99 25 -223 402 361 -552 559 -1098 -1119 -465 193 312 638 1755 -954 -229 7 737 -734 -766 -39 -473 337 -239 -53 -97 -211 -405 -427 -483 -1108 -112 1328 -512 862 -799 807 -860 881 1142 659 -309 334 -232 59 -616 19 303 -193 -9]
]