[[-434 142 202 -774 -355 -715 -290 173 216 227 -1137 632 495 820 -398 -460 -246 -60 -228 711 -136 -11 188 289 -217 19 -113 127 1073 41 284 -691 137 -427 -753 1555 -618 55 -177 958 634 -287 -862 -925 198 -177 154 649 -350 218 468 339 -137 69 957 222 -270 -504 608 -107 -791 -675 -493 -832 -254 56 -228 570 292 -183 414 -340 -405 296 80 7]
[590 -387 207 553 -1230 -361 -538 135 -421 -371 495 -114 -36 -580 302 255 -169 -91 103 10 742 -770 693 -200 -255 832 135 395 -597 567 -903 518 262 503 271 -1389 -571 -239 172 152 91 306 -217 586 -37 194 700 -1102 522 314 -482 751 -436 -195 -588 -838 819 -329 -254 273 -112 752 282 1150 1342 409 164 -940 -172 592 -255 136 342 -165 -80 -7]
[-59 -583 -127 35 -521 -191 -153 -69 449 7 -1385 266 224 303 -577 79 -665 -86 -434 -93 757 564 545 469 21 -417 143 -149 191 -90 132 -381 555 -162 27 -363 185 -559 -725 711 395 -253 -2223 511 982 369 534 681 -219 206 -454 1963 -1226 -214 92 170 145 209 308 607 -672 -315 317 474 850 419 -594 -487 -13 -227 447 44 -11 56 -6 0]
[438 242 280 -237 -116 -499 678 71 577 -624 1154 -253 -279 -411 960 92 442 -399 426 21 772 -398 -1158 74 -512 23 -447 7 -570 1133 15 1405 -334 405 -573 -879 -495 37 311 -1232 57 -55 810 -16 -14 1061 104 -741 -359 27 387 -485 -68 -587 227 -659 179 -727 -626 -63 272 -910 -464 350 685 584 -559 -465 -706 548 -890 431 -116 -345 -97 0]
[152 319 221 1121 -611 -146 822 -358 -569 -103 -126 -635 -627 139 -389 -702 164 628 689 -394 -889 -914 -96 36 19 734 -292 -811 245 -1303 -140 -559 -81 -699 413 -318 670 611 385 673 -711 1026 268 67 -540 18 543 -242 1040 -201 -59 -262 882 -436 -678 -3 439 -203 130 -664 -187 489 482 95 181 -113 458 392 -215 -929 37 639 221 0 0 0]
[658 -647 421 894 -1690 -209 460 701 -978 764 -263 -560 -549 -691 -230 38 -768 1356 834 -132 245 -201 148 323 -489 364 96 -328 -333 -645 -509 -113 -320 -296 -80 -851 9 -147 106 1228 124 487 -36 521 640 -606 414 221 969 -513 -199 289 -122 -769 -915 -700 386 340 159 7 538 1211 643 128 -384 -329 536 -257 -95 -347 -176 342 522 -18 -79 -7]
[788 109 174 143 -1447 800 -226 137 -904 464 612 -1233 336 -796 -312 754 -423 -149 -699 -181 -224 -116 1795 -72 -297 283 -239 1297 -896 750 332 -122 -484 686 200 22 -727 -423 12 915 201 -98 480 370 -130 -773 143 -435 264 -57 -588 -864 240 220 -604 -1132 -273 -270 -398 802 719 1984 -349 670 513 268 773 47 -396 624 -586 -601 392 -222 -74 -7]
[17 921 -178 120 -371 -663 155 -130 -492 -172 -282 -663 465 256 -521 -326 14 -402 -463 -843 -705 649 732 382 -115 -605 -578 320 -340 -448 323 -182 -36 -174 -20 359 717 -312 -411 947 -262 256 -1565 393 683 -1559 499 469 -811 -31 -127 -211 289 -653 763 761 -1271 -179 382 166 -282 544 -602 142 -145 64 -10 168 503 -505 210 -14 181 -179 -148 -7]
[-334 -763 -583 -244 257 -649 588 -492 467 -14 256 495 402 195 -194 -26 959 -126 38 1117 -728 -571 -1071 -29 -228 708 -148 -189 674 -228 293 -780 602 -199 484 -486 54 413 542 -792 -386 -209 1005 -249 -641 1194 -288 -484 213 110 614 -254 51 1558 736 -58 676 -26 712 -650 -1332 -1271 -35 -1092 -418 168 409 288 -435 -125 164 -474 -147 276 153 7]
[327 63 652 456 590 592 2250 -279 1550 677 -139 70 -1185 -221 27 313 95 903 320 -670 812 305 -496 0 312 -1386 -135 -372 -778 -1179 947 563 -238 -264 -361 -718 47 -115 -572 -405 248 1119 520 884 -143 1434 54 1296 -191 -359 -225 -50 -146 -531 -392 -560 242 1272 -623 -244 112 92 537 417 -32 21 -122 778 -656 -1064 -330 930 -626 -240 -59 7]
[-293 945 -223 -429 -415 -228 470 -364 -261 -38 152 -439 679 330 -565 181 408 -649 -478 160 -905 -595 1233 -786 -20 -58 -558 1241 329 -263 -173 -768 622 -144 7 809 -101 373 -365 780 595 -314 929 893 -32 1 -425 409 26 676 -593 -1727 -113 868 573 116 -309 -286 348 -1236 -925 92 80 232 -163 -1049 49 965 -147 -502 -523 -325 -186 0 0 0]
[900 108 697 1038 -98 1112 249 -441 657 274 94 235 -560 150 -562 327 279 -1008 -521 495 -502 -793 502 552 186 -151 374 426 374 -591 1182 -426 29 250 809 -577 706 -631 -159 -566 -75 385 -398 -741 -670 227 -75 -302 -26 -309 585 1115 27 544 -179 79 244 365 -349 273 -575 24 420 49 18 356 439 824 149 84 205 -55 337 142 102 0]
[-85 -235 -528 -434 -1770 -885 -533 72 -522 -267 -145 -484 1218 -443 -568 -36 -395 778 338 333 206 1036 1205 -228 -421 632 -133 89 -194 43 -1882 -920 345 389 -13 566 -281 237 811 723 13 -566 -671 209 1330 -1494 -495 27 659 1091 -413 -657 -428 833 437 -391 -119 -855 563 406 -531 -87 71 -25 -603 -904 630 -1088 166 -10 -42 -370 474 173 -37 -7]
[-226 -119 -620 -77 10 327 -693 343 411 -1185 -718 -604 1079 420 -817 4 -671 -497 -1613 349 -589 765 1175 476 719 -424 -357 333 345 1383 -211 -397 845 193 -312 262 220 275 -566 661 283 -1183 -508 1037 715 590 -328 120 -785 936 -682 1132 -346 633 1003 -341 -565 -1440 96 1110 -1110 -142 -494 558 634 -191 -1250 -497 -752 540 44 -524 374 -49 -44 -7]
[366 -440 447 244 -188 857 -993 309 560 -175 157 -329 300 255 -85 449 -230 -365 -891 331 -804 -1080 -96 695 -103 126 -662 76 940 589 678 -693 682 -332 622 -613 423 -526 -421 646 -935 -855 992 73 118 846 -329 -590 376 62 536 292 -226 90 -354 -529 586 -987 -109 337 -132 -114 158 -626 58 -973 -743 793 -151 680 -4 -673 497 344 201 0]
[-432 528 348 -857 -381 918 -124 -412 -786 -603 -100 441 -27 968 504 -106 -462 295 706 -190 -572 -1310 -412 -571 -240 456 -1264 -598 878 -211 -378 -28 -144 -484 -250 781 -220 620 209 1020 -672 -192 654 84 -716 685 285 281 1143 138 -119 -824 -175 -815 -757 64 328 -751 -244 -716 556 -379 641 -55 1874 -97 39 436 -65 503 -265 13 -460 520 136 7]
[531 -291 -415 295 -313 -473 43 -349 207 -29 377 -141 858 -231 507 711 -157 330 -208 390 246 -109 109 -635 -148 84 -353 1302 -577 423 285 591 -161 726 785 -1354 408 -569 26 145 220 -30 -473 1599 -255 -1058 311 53 -295 197 -91 -77 -529 -298 750 -268 88 288 255 612 -139 649 326 840 546 1005 1112 -713 213 453 -116 -303 493 -79 -161 -14]
[-621 42 -682 -186 -112 -1 432 -1115 691 -61 -921 -731 1049 -57 -331 -987 646 -37 -898 -767 -302 -533 -726 -291 57 594 -519 67 479 143 1038 -1282 -102 -787 878 224 422 40 -125 634 -610 -699 -1193 -473 -174 963 702 -549 122 345 85 133 -411 653 -120 -124 795 -73 590 340 -743 -288 380 -626 -126 621 376 689 -68 -747 424 -265 -32 -171 85 7]
[63 -600 -299 10 499 769 213 634 -502 -69 358 -59 298 329 338 1304 -660 24 38 524 -290 -619 264 143 -334 -652 -498 1043 477 491 483 457 119 614 -57 -144 -131 358 -171 -513 329 100 1525 1448 137 -135 -1008 738 563 -412 -514 -1193 -313 299 -34 21 2 94 -576 -186 1189 900 645 676 265 101 108 394 -276 506 -516 -241 394 -295 -72 -13]
[-89 -169 184 914 15 -271 274 22 630 -674 -187 -375 26 105 -911 452 -79 -682 -763 -593 65 219 277 607 -265 -508 -17 480 -530 -25 13 -6 666 737 -570 -1025 163 -598 39 -291 128 721 -522 180 1525 607 -7 -76 -287 536 -277 434 -11 158 109 187 -171 -769 -372 407 -624 148 287 1032 389 182 -968 -686 -257 -548 -375 490 43 -359 53 -5]
[-226 -1441 -421 -285 304 633 124 53 106 395 -554 -185 159 185 -101 405 -483 1009 -133 302 -712 1077 -343 585 -324 -581 -360 -446 -511 -51 1690 69 47 554 -610 -547 -169 74 -127 -159 -216 90 127 867 -293 1003 -495 478 219 -932 -49 513 389 595 118 65 -169 318 -783 339 867 -83 -662 -502 317 1133 160 -483 -433 369 -362 -664 -321 29 -35 0]
[329 -206 -15 785 -354 -577 1735 -963 644 614 340 -48 -275 90 -148 785 741 105 487 -320 107 372 139 -428 -416 552 478 401 -995 -520 975 179 -150 424 -574 -282 -179 -214 239 -289 564 833 -649 -338 -545 799 39 143 409 -25 118 -214 984 321 -142 397 -538 373 -214 -542 -523 -540 -293 21 -62 494 753 -671 111 -89 -251 378 -640 -240 -54 7]
[323 111 465 -177 -1754 -90 17 283 -512 878 -614 -540 -349 -11 131 -679 -504 -155 448 947 -125 -522 394 139 -508 69 267 -465 257 -415 380 -696 -177 607 56 841 -426 282 99 267 1059 -93 -319 -845 65 -70 435 -338 -145 -493 84 622 -553 522 -550 -190 762 -238 -135 254 523 14 7 -447 -929 512 697 1271 -48 57 -143 -464 201 -35 -37 -7]
[-452 -320 -726 -525 -566 -815 209 -707 -156 303 0 -283 294 931 200 532 415 -88 936 148 37 -332 -737 -357 -263 302 -589 -1061 431 -345 -482 -815 315 -823 1038 -312 430 -46 -657 756 -912 -457 -737 1524 882 660 87 163 48 -17 -243 -496 -919 -392 -450 153 -22 519 1756 -341 -190 -921 390 -388 386 -305 -338 737 -500 -157 305 -178 -232 306 63 0]
[187 -309 1219 406 -280 -18 -1038 302 757 766 -130 1248 493 886 43 1154 -968 255 -257 499 289 -179 691 -412 252 190 64 399 462 181 -511 -451 288 839 -232 612 -686 -608 -326 694 658 317 -232 -439 511 -214 -221 468 11 1121 -91 430 -90 -56 -157 -631 -292 -743 568 1091 -716 637 134 557 -97 -212 29 328 -137 1347 395 123 -247 250 201 4]
[-262 -598 -457 150 432 -357 -592 -952 -113 -418 665 553 -461 -1150 79 220 560 398 -247 -987 1158 1053 357 -217 164 490 644 -581 -1322 -396 -468 144 841 -402 796 -1071 81 -396 598 -499 -1131 407 -1559 -83 -226 -793 1447 -923 59 658 -218 837 -324 231 -505 217 172 1089 290 -29 -506 728 387 526 578 -293 376 -1797 810 -554 1358 212 214 183 -26 3]
[403 24 974 -75 -373 1393 168 96 21 965 -630 -587 -444 304 -646 60 0 968 374 -110 -1304 3 642 -334 -98 -460 119 -937 -296 -1373 30 -973 -489 333 233 1333 13 -36 368 737 -606 598 728 -853 -447 328 -101 508 513 -613 -365 -196 650 192 -733 -175 -299 -115 -234 187 128 401 -716 -621 -204 -7 976 919 -494 -142 164 -312 -768 436 241 11]
[-1207 -1372 -432 -1035 844 90 -1399 353 -228 785 -1066 -149 361 538 -71 455 140 265 164 357 99 2 -84 -422 -381 23 317 126 531 286 327 -1301 116 -956 -336 986 -401 -677 -350 151 -446 -636 63 -36 1160 647 -800 -104 1261 -71 200 -514 -512 255 -577 980 225 176 832 -1243 618 -26 275 -891 -632 -928 -937 -245 324 -773 220 34 -758 517 314 12]
[347 873 -97 -259 698 593 -997 -120 -503 -896 614 726 -237 -429 27 232 349 -783 -388 -234 -577 341 -129 -43 178 -730 -173 -218 -247 -532 -190 894 810 435 796 -1441 864 -483 427 -793 19 -494 70 114 -585 -641 -568 -157 -668 -52 364 588 -363 670 162 736 -152 834 -851 286 458 -375 652 -164 37 -661 -57 -481 1086 529 215 -791 428 78 -127 -8]
[-1003 -1687 -557 -263 239 154 -231 496 -367 914 -213 218 -43 -1063 969 1023 -371 726 -521 -997 456 612 -732 369 -539 258 197 -299 -842 926 785 72 12 140 -590 -497 -274 -188 -120 -873 267 -215 -492 -180 730 796 895 -593 24 -533 -586 1159 -849 411 -1495 130 418 447 -483 623 1268 1012 510 -618 -308 335 -74 -581 -23 1039 444 -52 -92 -359 45 -3]
[47 -110 -181 296 -345 -446 1429 305 805 -560 -152 94 524 0 248 -500 89 176 -9 465 625 -1343 -820 -337 -551 366 -7 -40 91 369 -310 232 875 291 85 -146 -361 903 117 -523 404 299 204 23 -318 1947 505 -205 -27 706 -118 186 -638 721 256 -739 979 -367 384 -376 -1016 -625 376 1078 66 1077 471 362 -1001 -690 106 481 -48 -562 36 0]
[379 229 835 -854 -194 -602 -376 -236 187 842 1205 1091 -236 222 840 247 213 -413 1037 33 286 743 -592 -200 -410 -320 66 -243 -958 -1321 -496 621 -264 1675 -154 -64 -1043 -249 483 -696 -513 601 226 -981 -419 -772 -307 149 -530 5 620 -584 790 9 602 519 -286 290 -552 -10 -492 -1120 -749 -916 -284 13 995 40 862 809 39 -445 -646 585 -69 7]
[-881 223 532 -237 -684 443 -275 58 1031 -1354 -552 58 34 341 -355 -485 -161 839 290 -116 434 -419 115 -37 -163 559 -313 -896 253 452 -1195 -322 126 -869 -669 527 -333 85 247 270 -1020 -102 -289 438 875 1072 166 -745 758 783 -296 121 -716 -486 -461 -683 1046 -774 -115 -119 192 -714 364 641 1068 -408 -538 -485 -547 -787 -425 853 -284 347 298 6]
[-156 -483 206 -107 -39 673 863 1302 -412 -19 -788 -64 -917 -242 -293 48 -607 271 15 -531 -59 -482 -426 1061 -785 -711 -269 -79 379 -784 0 -153 310 -298 -512 134 -24 -65 -500 1022 -198 251 890 445 698 609 266 1295 -96 -1078 -278 451 -469 -420 -349 -104 233 418 -679 -529 404 -16 133 12 563 -108 -116 871 -263 -541 27 342 -225 346 347 5]
[261 -323 -372 34 -271 556 1784 -405 -1004 279 563 302 -1156 -872 22 725 338 135 508 -426 693 21 811 65 356 -79 202 400 -384 -12 281 1 -838 -277 -267 303 -762 492 331 -246 -118 857 64 131 -3 -595 352 -211 316 -642 -503 -541 -50 582 -1092 -400 124 1047 121 31 1131 1544 730 68 -69 -179 1242 467 393 -25 41 892 -67 -26 91 1]
[-1258 108 -413 -17 877 -196 212 -572 204 -85 -259 65 -106 -163 -248 -484 312 -310 -205 -502 -159 -366 -1402 2 445 634 90 -872 462 -358 580 -641 146 -1288 154 -222 794 470 -232 -739 -84 -450 267 54 282 1348 -212 -186 906 147 -336 -240 -414 106 -903 556 820 258 -114 -1125 -203 -855 1166 -264 470 -598 -1566 -99 -701 -1100 31 398 -8 -352 -58 42]
[55 988 -138 -960 161 496 19 -737 365 375 327 -125 -290 -463 -139 -370 386 -465 296 674 453 260 -140 -97 107 70 488 842 424 -86 598 -227 -885 116 -336 1026 270 182 503 -878 701 -769 731 -1259 -287 -628 -658 235 70 -72 417 -1351 -376 211 247 -110 81 17 -805 -505 383 -937 203 -621 -122 -518 18 -245 195 -399 -936 -483 226 -457 -177 13]
[1288 -511 120 1241 -268 -993 1193 407 371 217 240 257 -111 -192 369 162 -95 683 767 -41 1412 -869 -847 1 18 -124 712 6 -252 466 21 1168 -18 673 176 -1222 292 273 -850 82 498 682 -1262 1114 82 769 354 256 -101 -118 -583 1068 -499 -778 -23 -728 486 308 358 124 -730 -159 117 960 179 711 -140 -546 -685 60 -175 768 339 -994 -242 4]
[-25 -284 263 295 768 56 262 772 -904 620 -532 -1144 -375 -287 -575 -846 -622 267 -66 -732 -1004 519 342 268 662 -1268 -115 -647 -84 -1059 -275 -1 226 115 22 -305 1213 659 -542 95 -52 412 548 806 705 -234 -281 768 500 -381 -1131 153 245 -313 -514 1170 15 156 -35 -936 15 483 -19 8 -935 -930 -531 241 -380 -1099 -208 491 220 -138 -138 1]
[439 -502 435 -64 -1214 -693 717 102 1492 -4 -187 138 73 -91 -604 377 -57 114 -169 244 1245 -275 337 489 -181 494 182 607 889 812 -382 -80 325 -291 -858 -684 -687 -758 -96 267 577 -949 -560 -68 1247 1297 -679 105 -37 752 263 816 -1082 140 777 -1235 736 -387 -235 466 -1074 -1322 306 -490 -232 -1155 -531 -417 -43 -12 -685 134 31 -96 -227 -11]
[-197 145 -665 70 -1203 383 792 -1113 -311 172 619 -642 252 489 -689 264 9 -1148 -130 -833 -35 -320 531 471 -107 786 -716 -390 73 -493 -313 -909 598 -196 1034 -1083 877 -214 -426 300 -1379 -422 -881 -119 636 921 546 -303 990 343 -253 3 -750 -190 -937 15 557 -152 374 213 -392 -591 409 139 1871 -228 111 -50 -526 -398 -528 29 318 203 -94 -8]
[-405 -495 -266 -122 1177 -293 -341 9 186 803 -293 -75 224 -341 257 745 -130 439 -481 274 -493 -136 669 -406 316 -274 257 507 -91 692 512 -257 318 -64 -21 774 -214 415 -324 -223 979 36 901 236 -626 247 202 324 901 41 -759 -319 -153 173 -422 310 260 -136 -41 -833 217 917 -103 28 245 -464 -317 67 -168 -95 297 -154 -549 -339 171 23]
[19 520 436 -10 -1127 -710 870 447 804 -818 -1072 21 102 -393 -193 -400 -27 220 -305 -210 450 -155 172 192 -184 -366 -307 -883 426 149 -696 36 904 -167 -1043 355 -379 1080 -99 -317 1271 -60 -1267 -598 1190 1243 863 128 -446 1118 -907 1388 -785 532 289 -299 105 -1470 194 55 -1585 -523 165 134 109 -214 -1208 -348 -1230 -268 353 707 83 -691 -175 8]
[420 -34 53 -280 -881 -329 -164 -916 1004 445 713 -290 598 -308 306 437 775 -116 42 879 786 -264 -35 -343 -465 1185 -323 422 -407 455 295 -679 -79 175 965 400 -241 -819 746 342 -377 -273 -103 -291 -343 224 -570 -714 475 1192 1042 -772 158 612 -602 -683 283 -231 726 232 -892 -405 277 -92 -81 24 435 333 -107 199 315 -252 -333 371 346 31]
[-318 378 -472 1016 409 -457 -180 40 -742 -757 198 -486 -825 -4 -391 -689 248 -917 301 -675 -497 399 280 -526 1030 78 763 -536 -537 -538 -1358 -14 952 -53 49 -1093 1431 -300 -105 -460 893 8 -307 -41 231 659 -115 -631 -120 456 -84 1297 82 -138 -297 593 -442 -64 13 -248 -646 -246 770 737 -381 -1147 -781 -660 470 61 -88 431 420 -277 -159 -33]
[83 -528 -64 1169 1339 -332 1044 -8 -382 71 44 429 -1252 127 -417 -26 -261 339 109 80 -387 -157 -788 496 538 -381 26 -287 229 -1064 177 460 -11 -382 134 -1144 233 800 638 123 323 856 1723 822 -715 404 463 561 33 -333 -138 227 847 -87 -481 334 277 556 489 -460 -451 1120 941 749 -202 -465 -436 103 -170 -752 541 556 -35 -70 102 -23]
[475 671 169 -324 -442 -75 -274 -157 -544 -546 562 909 -241 55 44 64 790 -602 244 1148 212 -71 1098 -883 380 61 238 962 -119 -104 -798 340 -171 64 -901 277 -906 -153 -27 -111 971 -508 80 206 20 -431 -1042 -218 -240 394 482 -195 -215 1032 958 196 -812 465 -311 -733 -357 -108 245 -106 -966 -611 280 -256 1251 362 -209 -171 -322 184 -366 15]
[306 667 608 153 -505 479 1234 63 771 -915 -21 452 -631 716 -75 -320 670 -53 -56 161 -741 -380 632 65 541 -833 -868 -271 271 -152 -203 -15 98 -39 -1097 313 -503 575 -399 405 -70 756 -136 482 -969 1271 88 -402 -490 391 221 841 264 1003 -9 -674 246 144 -619 679 -345 -137 44 -237 598 -308 337 949 152 493 -12 290 -404 -68 -108 6]
[-881 -6 43 -8 321 -947 -672 372 294 7 -149 1609 436 154 147 52 303 107 -286 -199 494 -616 377 -492 367 308 192 643 538 -75 -1199 459 814 28 -996 342 -776 219 -883 715 373 746 -332 730 764 -62 -194 -88 -458 460 -566 79 -263 -39 -144 -33 110 254 260 -357 -692 513 -160 115 -25 -394 -589 59 593 25 -30 204 -411 -218 7 35]
[62 -1078 247 114 -443 740 -485 -723 351 860 -123 1075 412 261 225 733 -748 592 135 -17 520 -6 346 -1033 297 654 548 610 -455 -243 159 115 -502 505 244 -529 -934 -927 165 760 139 39 -359 361 -898 35 -462 52 683 227 90 692 -107 439 -560 -575 691 1023 -713 666 114 616 696 540 587 627 1467 -856 664 788 331 -282 -332 581 -34 13]
[353 177 224 41 277 500 119 915 -630 211 379 279 -812 -331 412 235 73 -1016 -467 187 -109 -419 143 -385 336 -526 574 1191 -288 1200 480 672 328 294 -608 485 -755 -208 -268 20 1369 -869 1173 -781 -459 755 448 -285 -798 199 261 393 99 314 41 -15 -161 -336 139 -764 -876 635 -730 128 -1080 -602 -357 659 163 711 30 5 -41 340 364 -7]
[-394 122 -83 -681 -972 -384 63 64 -267 314 -825 515 -364 -281 225 101 -811 96 -166 176 449 378 602 158 -500 -505 -641 -83 -314 -25 467 127 462 28 -938 230 -791 -138 -718 599 747 844 -1521 552 419 -91 720 1033 -920 301 -146 558 -576 -601 94 -242 -58 -303 -30 -152 241 -255 -8 166 1099 785 -494 310 -237 56 -9 479 -441 108 -11 14]
[-181 357 181 309 18 -833 -60 -346 -6 -755 705 130 1073 94 388 278 491 -941 -526 -808 -234 -700 -256 304 -1053 622 -890 742 -2 608 564 408 670 -161 119 -1208 317 -205 -203 -866 -587 422 514 -427 -201 348 348 -1092 924 335 294 -905 469 -105 32 577 267 -1081 -415 -588 411 -463 -550 320 387 -365 -587 -331 178 563 -743 66 276 -489 -62 -41]
[-359 -483 13 -72 -300 793 946 -112 -503 -68 164 -113 -338 254 -91 535 501 -378 -433 453 -1359 -404 178 -587 -257 7 -328 581 -545 -383 1352 -75 139 558 -752 406 -173 82 410 109 470 263 888 477 -914 1196 320 215 -477 -181 147 567 733 785 -82 714 -842 -220 -266 -434 -719 188 -186 -538 90 399 476 505 -16 421 499 -548 -617 418 109 -15]
[-465 -574 -695 -179 393 -1188 373 793 -173 731 -613 -255 -296 -334 -267 308 -336 -542 3 204 464 980 -539 699 208 -127 271 520 -17 -225 903 166 410 470 -354 -815 83 -58 -811 158 1032 -589 244 1103 998 180 -259 1041 -1231 -672 -676 491 185 65 301 263 42 635 217 -89 -215 -232 -420 -145 -557 363 -453 -395 -683 -273 -362 -262 203 -397 286 12]
[121 -92 54 490 94 -266 885 -154 897 -286 -648 -401 18 677 -1121 -231 -247 -791 -916 331 -858 344 50 1368 -214 -1048 -506 147 783 35 1200 -614 737 299 30 4 998 132 -138 27 104 242 -870 -344 705 -16 803 580 -1247 -337 246 510 -119 20 1510 117 -105 -1045 -129 607 -821 -756 -718 175 30 562 -362 526 -388 -585 -118 -308 519 -373 -135 -36]
[-601 631 -405 -1134 1101 589 -152 58 -362 -265 -660 560 1133 430 10 -309 -67 -307 -610 -129 -309 -552 0 -978 475 -81 125 915 507 368 308 -387 -415 42 -164 1118 203 74 136 -166 443 -680 -60 -1481 -193 137 -623 280 772 371 97 -432 -331 412 108 491 38 -646 -223 35 345 -315 534 -354 4 -307 -159 44 450 204 -276 -389 -201 -32 331 7]
[561 -360 876 -266 -911 520 -843 545 -300 141 -776 -1100 83 -476 392 -261 -672 -196 -442 -294 644 -789 -292 -111 -374 249 8 617 -62 1220 1307 110 -790 174 -22 260 -867 -509 -81 675 242 -699 -32 -541 -94 250 409 -435 507 -737 -154 448 39 -324 -833 -725 920 -339 -1106 672 917 168 -697 -205 717 1122 -353 -216 -325 994 -41 -519 20 -230 146 -19]
[-151 30 639 1299 -660 -550 151 -753 581 -486 -108 256 -40 78 -519 -171 754 -376 -70 -300 -47 -751 -550 56 183 768 655 -664 177 -169 -866 183 -116 54 602 -748 -116 208 549 -1007 435 297 -1628 -1332 176 912 759 -1248 41 503 -9 1680 412 315 60 -334 118 -294 549 674 -1866 -219 128 379 -102 849 -172 -515 -567 61 792 360 629 74 -225 7]
[-302 125 -445 -84 1023 589 -935 -244 -400 -6 574 -824 309 728 -72 -168 33 -1475 -686 -454 -590 174 555 -108 -70 -244 127 335 431 721 468 -286 -477 752 466 481 320 -310 -93 -769 -273 -471 869 211 336 -185 -917 -307 -148 -141 -714 -1353 -151 -26 -565 1100 -114 -282 -477 97 1352 -15 -714 638 -329 158 -814 743 231 516 -726 -763 -171 -365 -40 5]
[719 211 -457 -805 -342 1200 222 -595 165 -809 415 74 345 -3 -684 1201 -346 -1483 -1134 672 475 -101 1030 437 6 -215 -421 714 664 1081 948 487 390 100 -102 -383 301 -395 -271 -649 242 -878 -866 191 312 549 -937 268 -113 104 254 174 -1463 534 -232 -355 -593 -24 46 457 616 -855 797 505 1592 555 -582 -571 -443 617 -341 -313 95 -107 -88 39]
[-49 -60 -869 275 -400 -348 181 -298 91 -337 -474 -306 753 416 -470 -309 458 -339 -610 -442 -287 -359 -35 393 -113 602 -139 -199 285 150 654 -256 791 -590 214 92 172 572 -911 1209 -847 9 -674 719 -666 829 350 -212 185 -11 -583 54 860 34 143 67 -53 -238 709 -405 -1122 -351 -836 -351 1059 509 -277 -309 -432 -490 -114 -497 117 -155 2 43]
[937 -118 1531 284 -1638 -177 346 708 -252 426 455 -297 -512 -893 -45 -1171 -324 49 -484 -85 -5 -835 129 830 99 290 -490 35 -447 2 777 184 -48 2 -729 -133 -1384 501 -388 348 -226 1422 213 -406 -306 445 717 -902 35 -178 489 184 662 -52 98 -1840 261 -454 -579 -273 -413 983 -916 580 374 678 267 1505 -324 -291 -250 567 82 -83 -320 -2]
[-17 -49 -212 45 651 -214 852 -607 282 -251 -791 -547 -483 204 -227 -800 -26 -872 -194 -733 154 545 -1110 469 576 -43 -186 -763 620 87 586 -322 165 -897 289 555 667 634 -555 666 -547 -628 -377 -629 -103 1068 358 385 -257 -276 79 677 736 -892 -291 517 -517 -184 565 489 -596 -1218 -396 -967 -131 -276 -792 340 -195 -127 601 -51 -215 -5 255 55]
[11 250 -448 776 -319 66 -421 158 -272 -16 554 -1109 411 -783 -69 160 -9 649 350 21 -986 28 -626 361 -296 365 -96 114 -141 272 245 250 59 -43 345 -1028 1075 -248 609 -3 -112 -374 495 531 232 -1079 -1021 -147 -35 -38 628 -994 472 274 -144 -79 -327 429 40 -121 690 408 447 -445 -1456 -63 384 -191 300 -317 -375 -777 1005 -392 11 -70]
[86 -33 -187 -584 -245 698 263 -543 715 26 135 85 1059 -488 -506 371 42 71 -967 57 -524 543 575 -235 384 -399 -621 -103 -890 -427 -77 -836 243 353 446 -52 -89 -433 74 464 -429 -96 510 -331 -34 398 -393 24 -453 573 97 -336 -3 927 135 -618 -340 -1114 207 894 -835 -38 -562 -554 266 -58 210 157 -648 678 -197 -696 -399 622 338 -5]
[-138 -67 -359 -1687 -1084 160 1112 127 -204 -127 -190 164 186 -177 -398 273 49 314 29 214 -319 816 -299 408 -111 -143 -1104 -456 -329 -91 649 -327 -484 -982 -1007 455 -452 312 -475 431 -374 -901 -1477 695 684 769 140 340 -276 0 101 24 -555 357 243 -690 -771 614 1131 -19 -637 -866 -110 -1172 409 40 -7 58 -1134 -421 -30 -223 -165 -44 -56 -69]
[-165 837 189 -103 -859 176 201 797 -77 -1326 1478 393 263 -239 68 -339 610 773 130 -980 -401 -1272 -15 -380 -252 -617 -665 268 -939 118 -854 545 794 125 -249 -664 -999 566 3 340 -990 494 1071 1066 -125 754 183 -762 579 272 -459 -1183 13 429 567 -1019 166 50 -342 -1008 -516 880 -123 851 660 -661 206 336 110 -218 -230 -77 30 -853 -372 82]
[796 163 -11 1257 -734 200 203 112 -500 203 -648 -1014 75 409 -860 -412 -659 46 -139 1268 -943 -133 1150 -39 483 -104 326 9 193 242 184 -494 -660 364 -163 17 435 -356 -278 1249 626 -431 60 291 527 -638 -674 398 -101 -124 -10 77 596 -633 314 487 -129 -1402 266 389 239 430 -498 139 -666 48 -395 106 22 -539 -1164 -39 91 50 88 149]
[-27 1274 -196 95 432 965 200 294 -315 -527 561 -1034 133 -176 394 -350 299 333 -181 -1201 -1133 -578 -671 38 328 -501 -918 -197 -91 2 -160 1000 -887 -917 345 -16 543 688 102 344 -1274 -32 872 269 -450 -768 312 -85 -125 -378 -103 -1067 603 -1338 -378 -164 -454 8 -626 212 777 1027 319 92 839 -526 -388 617 -40 -235 554 -67 877 -59 -289 -21]
[-181 -457 500 1081 -406 -85 -233 646 135 569 -28 782 354 -276 -225 -100 -660 394 220 335 141 -319 142 246 -397 362 371 1247 423 -554 249 59 97 -347 142 -508 -420 -67 -223 381 608 606 47 757 56 -713 -659 281 168 -190 528 -369 313 -226 194 -103 290 723 -175 -632 -292 937 986 667 -925 -202 363 629 361 -731 -221 506 363 144 20 -126]
[-348 -210 -211 -424 -508 395 1726 -17 42 -12 105 -732 -414 -132 -44 360 400 431 169 -1023 110 137 -307 232 -1013 112 -352 -727 -364 60 -209 323 -7 -734 -36 -11 -104 141 -24 -246 -207 -27 643 -193 500 1150 1133 73 239 -574 -849 -885 -711 -549 -1069 -84 289 26 -199 -231 673 144 -97 57 710 328 246 447 -854 -296 -57 -1 -272 -160 -113 -89]
[21 -381 -657 109 1128 354 -351 -665 715 -884 14 -110 752 638 301 822 571 -380 -272 -344 -263 -530 -486 -375 -93 -236 -435 256 153 413 513 -2 353 88 356 -560 942 -1027 -633 119 -327 -663 -268 456 312 974 -1294 211 305 29 635 -343 -427 -40 144 528 -260 -484 -355 -94 248 -1475 237 -226 1107 198 -547 -625 60 517 -284 -315 -141 278 171 61]
[1389 -469 439 451 -1232 218 -157 -178 802 260 1402 -652 300 -170 340 1679 -316 241 -140 647 397 383 1326 324 -174 84 -390 284 -698 442 -164 437 -18 563 1066 -1280 598 -1065 187 -61 -344 -337 -356 365 -8 -1347 409 -52 263 123 706 295 -27 -830 -52 -642 -884 -113 386 1635 460 974 -88 384 625 -176 770 -680 -55 1098 36 -736 638 69 -125 -240]
[-729 601 -46 -936 700 497 333 -989 888 -678 -526 1021 -106 -227 -87 -404 -255 177 -28 290 483 292 5 -367 272 912 215 233 605 67 165 -184 -124 -21 -914 1452 -720 684 827 -104 399 339 -261 -1182 -1098 -48 74 474 525 834 354 92 431 73 -37 -24 -36 -247 -4 305 -109 -893 449 118 1411 557 705 -499 196 -277 459 530 -281 281 594 -84]
[-606 151 -126 -170 711 886 -909 43 -242 -61 802 417 -324 -299 111 127 269 -1110 111 -145 -540 -447 -1552 -149 -217 273 265 31 -84 993 -434 323 135 338 -180 -474 241 106 -241 -567 -286 -865 1008 -335 454 1239 -743 -452 -633 -82 306 -626 -74 517 -753 116 25 374 -111 -981 465 -1454 455 -856 -1040 -640 -773 526 248 900 -958 -223 -28 0 561 -129]
]