[[419 675 152 226 51 493 934 -514 1257 121 -148 -51 -509 591 -773 -167 530 -133 532 365 116 864 -84 -795 -91 516 719 -149 -319 879 93 -373 -886 31 -184 -390 90 -259 -508 1029 -116 77 -65 248 538 -716 -40 435 -193 -598 89 24 474 238 -209 30 509 420 355 48 -91 615 -326 -161 90 -1 28 -503 230 -27 4]
[245 402 -71 -477 -76 -449 -975 215 -793 207 -529 64 -794 187 -675 -114 456 -696 -97 547 408 603 -125 616 482 -316 -197 893 86 1620 728 -1501 -268 -270 -281 -393 116 245 -233 120 -128 -174 697 223 623 -105 -135 -206 -588 298 -634 -101 -53 672 194 -957 -522 -105 -94 -489 719 -735 1087 -240 -523 191 1 -1 0 0 0]
[168 217 98 -299 -208 119 -165 1 -99 -781 -946 -377 -187 689 790 395 -549 478 1314 -129 275 284 351 89 1340 -774 -79 803 -738 264 981 -348 215 -575 304 -405 345 -166 -577 436 379 192 585 -118 643 307 -329 254 -495 -45 -773 -419 314 987 -318 -420 -896 -418 -232 876 338 -304 595 124 -208 -924 -655 664 -478 47 -4]
[1008 291 -436 -91 -128 310 156 80 194 534 -347 519 435 -524 -642 -941 1085 -540 -1500 228 -277 -268 -416 -278 -276 299 410 106 74 415 -284 -747 -1040 576 99 814 765 -146 -395 536 164 231 170 727 -113 -739 841 297 1006 155 230 -61 -641 -274 136 104 690 389 -204 140 -1256 92 -221 222 -113 -165 103 -961 398 -44 4]
[-233 -48 -912 -55 26 -438 37 499 -332 212 -374 210 277 -679 234 -649 1132 -1212 -1358 275 123 -241 -1034 -180 905 -648 -993 -295 180 50 674 -640 -571 273 -215 661 -466 492 831 583 720 -298 409 763 180 -225 5 152 98 -276 -96 433 -1150 -350 -48 -912 -306 164 -153 -392 -104 -714 -779 -91 -392 211 -44 225 0 3 0]
[-234 497 -1203 83 538 -634 -693 -170 -283 -150 681 391 -1272 -20 -726 -670 567 -630 -836 640 728 937 -512 326 308 305 -447 -36 623 408 229 -171 243 350 -147 -1032 -890 235 -74 314 817 -640 685 496 646 -193 -792 -482 -162 -319 973 1182 -633 56 -1 -294 -665 314 226 -1367 976 18 -82 155 -175 167 183 42 0 0 0]
[1 -299 299 -144 10 698 -246 -266 1632 387 -242 632 108 161 -40 310 416 -27 275 375 -33 637 -1 -222 -844 -146 984 405 813 1441 -641 190 -1644 -62 628 90 -233 785 484 -879 -900 -1084 -448 364 -382 -193 661 -27 -145 -35 -449 -291 245 -1068 693 560 944 430 515 72 116 -136 185 -551 673 680 425 -269 312 -30 4]
[-434 -512 157 174 -194 -18 -911 403 896 -103 479 -300 -563 -627 207 413 -206 246 -152 1102 -495 215 487 486 -576 -486 27 747 -29 -82 -464 469 -126 -286 111 -434 -912 765 852 -183 -224 -448 -409 -205 -91 63 1239 987 303 1099 511 61 -415 -583 727 -100 364 -496 175 -613 -195 -12 26 -407 920 -37 337 93 -2 -3 0]
[499 -557 254 383 355 142 114 59 321 -499 -626 1067 335 539 -693 -146 870 -542 -512 32 711 8 -438 -395 -571 -124 -19 -208 195 521 -935 -201 -663 -58 262 745 -95 -408 -569 -559 441 -529 -60 659 126 -421 121 -946 626 -776 -595 477 -89 -1926 -119 203 530 1332 -645 33 -266 -96 56 462 240 117 506 -225 306 -27 4]
[-625 -930 -833 -243 337 -425 -288 439 -1196 264 118 1368 480 4 -759 -15 -147 -558 -965 -553 338 -785 -482 -66 328 -352 -1290 -418 540 -339 531 -215 617 598 -384 156 5 -412 -736 128 1112 470 38 339 641 -370 -215 -839 349 259 -194 682 220 -282 -868 -670 -387 118 -730 -928 838 -1112 588 1096 -626 -393 60 62 -73 3 0]
[-353 -233 -650 -128 -212 -948 -792 1 -59 -2 94 703 111 -104 7 -229 -381 -602 -359 -477 -8 -767 27 406 318 -22 -27 -656 -3 -1442 -723 -66 1093 459 -1134 -413 -186 -147 149 -28 696 624 -162 -434 409 259 -327 -547 -121 -119 -280 284 -117 -847 -1507 -184 -382 -111 -527 -433 1024 -189 52 628 -25 -422 -187 139 -405 82 -4]
[-687 -462 207 -74 -77 -1094 -1243 285 558 -201 -428 717 155 485 529 255 -1075 525 293 857 -34 9 217 181 579 -253 -67 -124 -306 205 -346 -43 857 -588 -41 -698 -44 -209 666 -395 136 -125 -292 -448 315 828 -102 -908 19 516 273 -289 327 -285 -320 -834 94 -687 86 -742 1047 -1019 978 500 286 326 153 501 -239 20 0]
[-433 -839 538 88 269 404 1030 134 971 12 -100 -425 443 1124 331 284 -112 598 113 200 -359 47 -104 -999 437 -486 -258 94 42 189 712 -323 -706 132 146 120 -186 -959 98 -138 -214 218 -261 543 72 -361 610 -877 302 180 5 467 910 615 -150 -832 902 -107 379 101 -361 -525 442 397 -240 -392 -8 135 83 -59 4]
[-583 -446 -740 -54 588 237 315 832 166 -38 -651 1369 75 408 -678 -395 720 -477 -791 1067 397 444 -324 352 475 -815 -437 281 -345 1465 498 -33 -188 -468 596 345 183 -971 288 112 338 -822 97 1224 436 -415 243 -215 570 -453 -179 97 -40 -694 -91 -853 304 -134 -203 140 -224 -932 440 446 -824 140 263 58 -89 -306 21]
[-571 -492 -569 151 -300 -279 95 -729 753 -381 -41 -889 616 211 489 191 -856 340 -321 -465 -735 130 -75 -1308 -217 -2 -56 -260 211 -930 615 643 -439 380 -429 -833 -323 -177 276 659 474 992 -43 -334 38 138 739 302 227 319 1052 557 -203 1334 32 -332 -3 -658 854 -15 -663 109 -390 774 174 -325 -77 459 184 205 -17]
[37 -275 -481 -107 -35 -372 901 499 -970 626 69 -573 581 -462 -49 -20 40 9 -286 -1357 -145 -869 -72 -668 133 417 -1372 -815 -262 -177 843 -431 -423 1008 -79 1452 -332 378 76 186 -104 -191 -199 211 -238 -212 -1110 135 -380 -93 -844 256 406 204 -632 -295 -70 684 -696 -171 -206 -360 -568 80 -124 728 -203 -596 166 22 0]
[-436 1057 -537 -406 -753 -474 523 124 658 665 262 -573 -710 215 -471 -108 -79 42 169 433 -198 249 835 202 -842 633 62 -207 -1302 -367 364 -513 597 377 -251 -1041 -357 -6 1381 586 169 186 -571 -1213 157 243 -365 589 -307 -294 559 2 512 862 -105 -868 50 -844 53 -45 596 580 341 -436 -17 854 97 54 72 -3 0]
[444 618 92 -57 258 247 -12 145 -1170 395 15 745 147 134 -502 163 309 -499 -799 428 595 -385 -512 1344 -777 72 -1037 -653 1083 16 -54 382 786 208 948 329 388 -419 644 -1013 68 -265 -208 -62 -296 479 44 -1118 347 -18 51 -287 -402 -574 947 213 307 -294 -818 -158 380 481 196 -744 -485 674 127 -350 23 -14 0]
[-282 -221 -129 1067 149 -467 1372 470 -236 -597 83 -765 518 455 162 847 -698 568 549 349 923 -494 498 292 444 -403 -1655 -1142 -1558 -995 637 596 1196 -552 968 557 -623 -378 1071 160 447 -428 -406 -778 68 471 -21 -79 406 160 -158 -341 557 -142 -420 -657 255 250 -561 562 249 281 -489 -39 240 654 50 262 -213 -224 17]
[31 -575 355 -112 -332 600 -374 -502 -114 -402 -209 -337 595 -414 5 -659 136 -436 -89 211 -52 646 -97 -274 -1 97 294 263 350 811 22 808 -714 -279 538 -382 446 479 -616 528 -404 378 -232 733 -139 47 -11 1027 141 178 43 -857 -457 12 799 -117 -71 98 407 268 -471 221 -817 19 589 -66 -431 -556 418 33 3]
[623 390 -451 783 -46 -821 -371 470 -171 -100 -73 -205 400 204 -1011 685 -752 -399 -719 273 -437 -572 -390 181 -181 293 -51 -374 -573 627 -5 -629 -120 579 -730 230 46 -270 284 -74 -776 343 -48 -112 267 -373 1352 -115 -282 825 -8 280 -73 292 -728 -568 1068 -56 -95 -367 -359 -440 199 -40 -778 10 -205 -796 -67 38 0]
[429 -5 -352 -62 246 -447 -413 -209 317 -262 800 -191 -866 -105 -631 -615 775 -162 -542 -476 -78 304 -328 -532 51 951 -96 -580 -111 -42 -327 -1196 -70 872 -878 -106 -992 806 -832 -134 24 -847 876 427 217 -531 -796 -1113 -543 -569 -297 1660 -282 -1086 -562 480 20 827 -19 -1085 -45 -252 -236 -379 -283 -371 30 -20 83 36 0]
[-260 1297 497 329 334 12 514 -105 -718 0 412 -67 158 835 328 154 -656 44 798 -325 388 -295 -405 -595 678 570 -858 57 78 230 1232 223 -32 325 706 -1123 271 190 -488 391 801 -11 -76 -582 356 402 -1070 -790 -691 -500 439 46 -121 1583 487 -854 -683 -107 135 -395 1161 373 374 442 -65 138 -479 405 273 247 -17]
[-352 -33 288 473 157 623 729 -24 897 -19 1099 -151 -223 -769 -231 -996 268 10 -432 211 320 -122 -288 -1016 -261 837 -497 -389 -63 -734 -470 335 -407 844 311 -680 -503 946 -78 806 387 -376 90 191 34 -961 717 484 1201 -291 1113 578 -599 -620 845 -89 382 594 671 -969 -758 481 -1155 -192 823 -197 226 227 435 24 -99]
[199 -273 -278 112 -224 44 -133 -368 94 -66 -1351 1116 289 424 -492 1069 206 -358 407 -226 844 232 124 -458 205 -646 1527 583 5 773 -77 -878 -163 -836 -526 351 188 177 -680 10 237 398 306 -682 374 -244 269 -168 -695 -228 -993 -716 494 -313 -521 -176 19 -7 -12 977 774 -1129 665 432 -406 482 328 446 -27 -195 103]
[-234 943 -1547 -592 -440 24 -918 124 -2 446 -244 1052 -169 -320 452 -219 -422 -729 -674 -1055 245 -98 -635 498 283 -389 358 651 900 131 770 -593 -471 879 403 -457 516 900 30 -813 545 -527 645 -16 -96 53 517 -115 192 -187 -267 294 -635 358 359 467 -66 173 406 233 362 -728 692 -57 -424 -812 -366 712 -190 133 -107]
[683 335 328 86 114 38 -566 375 -545 -96 -59 -363 -306 -459 505 238 488 285 -204 333 104 -286 526 645 235 -328 509 1377 -312 -568 -157 -415 -80 -119 623 600 -121 630 -251 273 830 -333 126 -286 -496 153 153 -112 296 805 -504 -477 -422 -247 -465 -719 -946 35 -793 690 -133 289 591 531 367 -162 143 -100 281 -3 86]
[-498 -457 -360 166 187 38 23 -234 1415 43 458 -584 377 -77 -357 -1147 43 -292 -676 170 -920 -121 -124 -467 -357 1324 737 -707 155 -60 -765 846 -968 1120 -748 -1071 277 102 801 434 -487 244 -229 406 59 -229 946 489 161 -88 117 127 1 -143 -895 -296 423 -65 1163 395 -676 647 -849 106 25 -270 121 -620 187 -54 7]
[-174 -4 155 104 508 58 -563 -52 323 371 1178 -770 -689 22 8 157 236 246 -181 831 -188 5 721 1162 -849 298 702 -240 -107 280 -1141 559 295 -198 274 -127 -375 644 1504 -611 -1214 -1333 -296 72 -983 708 423 -877 -582 642 -815 2 30 -799 -511 579 862 -188 249 -142 165 587 53 -1027 163 630 563 -696 56 -125 107]
[-474 -319 -1009 188 -193 -779 -159 169 -384 -337 -349 379 -517 -534 -77 366 -635 420 191 -21 -534 -87 544 76 1006 -207 -1151 375 -874 144 1120 -511 173 160 -417 -305 -492 198 -233 634 1130 432 427 -127 766 -44 49 978 -543 372 -358 -26 -71 494 -365 -961 -702 -1092 -130 -76 25 -909 -4 725 -229 -103 -193 458 -515 -235 116]
[-187 -390 281 -15 287 171 598 -231 -1191 -468 -218 -288 -434 400 155 373 676 -364 575 -143 430 1059 -88 -47 1091 -805 -146 -177 -335 1201 1169 -580 -94 -1127 288 162 195 -112 -187 5 -598 -38 964 687 152 576 -209 -363 -1090 -190 -590 -470 334 645 -264 -200 -61 247 632 1290 170 -847 -104 -703 -1359 -83 2 400 -312 -176 98]
[-296 -525 -237 -297 -148 -569 -1301 443 -1200 -379 -199 464 -128 -433 -629 -936 -399 84 -1274 -374 231 92 497 280 -959 160 641 674 145 97 -583 215 918 -824 -383 427 500 -709 -1224 51 204 444 -265 437 -364 -51 -801 306 669 153 -194 186 -133 -180 -50 142 -400 451 -1066 -680 -550 -238 47 1447 260 353 107 -324 249 -26 105]
[-420 -116 -227 401 384 134 -69 40 -1025 -297 572 -163 -237 744 695 390 -392 714 176 -693 397 -566 -556 -54 971 -651 -298 104 756 -251 440 -206 494 -313 92 -88 -180 -223 -311 -747 833 5 604 -419 402 454 -1162 -1067 -530 337 228 930 94 1266 -241 401 -894 455 -279 -567 937 -341 296 150 -328 -221 -196 717 -495 198 2]
[338 -323 -446 -517 185 247 348 -343 664 191 790 -586 6 -201 -280 -731 1067 -463 -232 -102 714 940 -111 54 110 -107 -23 -408 575 -490 74 287 -254 349 350 -201 -1496 697 607 -142 -260 -712 100 333 -798 -262 -410 -213 -150 -632 606 872 145 -475 -232 617 -754 929 332 289 1107 1003 -1035 -57 42 289 -272 -101 247 62 -4]
[167 -130 192 -155 -126 -400 231 666 -842 69 -50 -1195 226 -717 -175 39 843 -621 -1337 149 -572 -362 71 7 -874 -106 -703 -135 888 -855 871 15 -344 -3 -378 615 -989 -35 565 -37 -440 532 -477 298 44 -173 471 1167 402 294 273 -236 -702 238 1119 -1286 319 -144 -320 -526 -796 542 -757 -214 159 648 -5 -479 268 117 83]
[-78 113 343 -19 179 -256 238 -239 -66 -465 -295 -1568 -871 -237 238 45 156 28 919 -392 627 516 -551 94 543 -223 -394 -650 454 -128 455 -155 -425 -623 307 83 -507 436 114 -91 -583 -253 331 672 40 -226 -719 111 -287 -268 -999 -46 433 78 46 -14 -1030 665 272 -437 59 812 -1042 -476 137 366 -6 289 -54 52 -81]
[-65 233 626 -242 76 151 -123 -1224 470 145 -538 18 171 1240 -31 378 -515 238 686 69 518 523 -371 -745 -55 864 1363 -555 1010 808 57 -899 -667 72 -582 -801 620 778 612 -58 -815 566 336 -728 525 209 142 -991 -844 -79 -666 -812 562 748 -440 -468 321 95 566 -178 1023 -620 565 -827 -523 1231 84 200 -145 49 71]
[296 287 233 -241 556 -58 -533 -117 93 173 894 959 474 -81 539 -258 10 1330 -272 -331 -190 -274 -210 -161 -585 412 -98 -393 1301 7 85 780 -108 -22 779 387 31 -324 -490 -1214 84 -1496 373 57 -48 508 -664 -1500 518 616 1184 238 -116 -185 422 933 -84 395 48 -819 57 52 656 178 44 828 591 437 138 323 -19]
[-53 -356 -914 -140 54 762 580 243 -609 326 120 1175 -534 -358 -906 -660 447 -317 -1051 58 218 -348 -388 248 108 376 118 -469 162 -57 102 -401 1112 895 -181 -25 752 -769 -1145 -150 732 1229 -143 236 467 -650 -835 13 657 -84 305 221 337 -119 5 121 257 -142 -437 -366 -162 -7 196 445 -1176 -507 -245 -572 -199 -366 42]
[57 -4 -425 273 -580 -600 1247 304 -96 466 -876 -372 398 -450 -586 -197 -174 452 -80 -73 -557 -564 -61 -487 381 100 72 -375 -1101 -170 270 -513 -189 -381 -234 366 808 -278 800 849 620 627 76 -885 107 -405 546 1863 816 -241 770 -553 169 790 595 -85 -378 -304 251 432 -1087 137 -952 -109 -279 497 -8 342 -143 -45 -80]
[58 -357 -823 -371 37 -271 -463 535 323 -16 -607 609 1297 -77 1908 99 74 256 -33 -689 -389 -834 46 -407 1381 -916 -685 1073 -148 613 611 -750 -1080 515 1071 780 218 663 -128 -1032 -175 134 254 247 -80 82 2 -829 -485 456 -240 -73 321 960 -223 -667 123 -497 308 623 620 -1662 972 746 -259 -207 -596 452 -327 -140 115]
[587 -339 816 373 354 463 -187 -706 -751 -1023 94 -295 111 811 -127 6 -1046 1668 1187 0 616 387 -341 -203 550 579 -277 -213 -354 198 -94 268 1146 -246 534 162 209 -886 -1171 -334 -229 595 346 -40 32 269 -1058 -785 95 -247 118 -20 495 -71 3 412 33 -239 201 -88 -209 -85 -65 464 -265 -103 -370 83 -245 41 -99]
[1000 651 108 -511 -107 -1119 -535 -659 -223 367 891 271 364 -553 151 -821 -240 708 -122 -799 393 -685 380 237 -1467 1436 160 -659 -435 -1344 -1546 474 1048 663 -215 199 584 587 -380 -273 32 -463 160 -1143 -578 172 -899 -652 512 -315 511 441 -46 -763 -249 1011 -63 511 -315 -757 104 457 84 114 353 574 23 189 260 103 0]
[512 -234 66 -34 300 214 354 584 -153 -87 -42 879 1174 -167 260 -401 -722 897 1048 -395 -345 -847 896 -356 622 275 393 -108 -1119 139 -217 640 -207 201 427 677 738 -446 -803 -225 -524 -352 -295 242 -22 157 -46 549 468 65 -4 -822 315 40 -547 428 241 671 67 636 -253 -233 1007 673 40 -727 70 -702 -430 -16 -60]
[897 500 -732 -75 517 239 279 47 995 1233 37 842 86 -465 -782 -58 149 152 -1157 -40 127 -279 -81 73 -3 296 1153 -522 842 -267 -751 -89 -355 544 -517 837 36 -567 506 1576 -488 -264 -173 545 -282 -1108 654 422 516 100 278 54 365 -149 -1484 396 1054 108 -459 -214 -273 445 -973 333 -153 158 -209 -1321 -145 98 147]
[651 352 50 368 111 -967 -140 872 -1295 -1018 -818 -640 -656 -344 389 534 67 -264 108 -58 -59 -137 -165 -238 732 -92 -764 -7 -783 -881 604 -850 1368 -152 -328 1320 -585 497 -607 207 785 -118 266 -665 628 -115 -717 349 -80 -269 302 190 -538 -582 331 -357 -787 403 -941 -603 -158 -534 234 -442 -175 -378 -149 606 -61 -43 -149]
[-645 350 599 -330 -41 89 372 -115 -215 905 193 200 900 256 -722 -270 60 -909 -278 51 -877 184 -705 -593 -331 46 -714 -1362 604 950 1008 -186 255 -61 -678 -523 158 346 592 878 239 45 -828 -600 -229 190 -949 -591 -702 -263 95 -390 118 1017 538 -1449 -586 -762 228 -1439 1349 236 -142 -339 -734 636 -508 287 550 410 21]
[37 1061 -410 138 -104 -141 -532 -822 -195 498 -32 -57 -887 -122 80 -47 20 -684 -97 -430 518 524 166 250 203 -276 1562 878 574 773 10 -367 -519 -245 -792 -120 605 166 -662 98 8 -333 837 -153 -181 -79 -117 -555 -722 222 -602 -416 -471 735 -160 -277 -426 395 424 -24 120 -290 89 -10 -329 427 387 391 20 184 -45]
[-712 -135 -674 -241 -152 -443 -327 -343 19 -862 -161 -369 -239 -6 1092 -333 -705 511 148 -424 261 467 167 76 1105 -165 408 31 66 -303 395 59 395 198 588 -1204 -564 369 120 -739 367 -212 473 100 40 440 -1406 -1061 -684 -154 42 407 36 698 -79 -551 -1076 -195 425 291 419 -323 114 591 -179 192 -754 998 -160 -537 59]
[315 554 1092 463 751 826 1442 848 -274 148 2 662 551 -277 178 696 31 -79 679 -252 -332 -865 -684 25 574 -376 -553 -360 -496 -466 237 792 283 -304 -473 1378 686 -984 -892 1163 550 591 -400 203 -147 -274 -659 886 -276 -654 -506 67 268 147 -721 522 -442 -94 -832 1269 -512 722 -849 397 -719 -1014 -215 222 -376 -193 110]
[-489 -945 697 332 385 1002 1493 -271 463 606 534 43 227 -235 -455 247 1161 -53 525 74 -726 -193 -23 -443 -36 -488 786 -643 -168 -1044 -571 152 308 -142 -1395 854 -352 -349 98 952 207 170 -635 113 -313 -911 -189 217 -313 -618 -1042 -74 466 -1124 -1307 -2 160 -260 -26 174 -223 -40 -1080 -349 64 -508 277 64 51 -472 92]
[-322 -1072 145 -179 235 794 101 449 578 -356 -74 -183 -788 33 603 478 513 143 -419 468 570 527 120 -558 660 -1005 -6 668 442 442 581 -79 -352 -114 661 -74 -596 674 -889 635 311 -203 108 539 309 -731 454 35 -105 845 -385 600 536 141 -8 -380 -92 236 66 648 51 -434 5 287 241 -1202 288 -61 399 -280 84]
[-228 -152 -667 261 121 -392 10 52 -675 662 413 -423 -534 -726 -196 -804 185 -12 -873 1601 527 317 167 488 897 704 -464 -219 -487 554 -159 70 314 -315 932 -206 -127 487 760 603 -85 -553 -6 466 3 179 -487 295 230 225 882 -301 -564 344 930 -158 -62 -426 512 -153 40 -166 -454 -335 690 1258 581 -862 113 -532 -26]
[545 498 -61 -70 -183 -192 22 312 -611 -631 -783 -106 -35 390 -1120 -269 473 437 -284 640 435 -32 239 -483 200 583 481 -273 -1788 341 237 -1430 188 -484 -151 -108 730 -117 -361 782 -135 769 864 -420 1089 -345 225 250 401 90 512 -53 -170 445 65 -616 -81 35 -276 486 -644 -612 -36 -405 -897 -320 413 -102 -65 9 -68]
[878 -387 -1520 -127 375 -412 -881 -3 1224 -362 -780 135 -348 -469 -112 250 590 -184 -1020 692 553 -7 49 -53 254 -80 -201 -46 92 -1156 -297 2 -398 231 272 0 -818 708 389 375 1014 189 512 -68 358 164 812 522 498 480 -80 835 -827 -729 -432 325 -222 -123 -451 -27 -415 94 -100 465 585 -484 392 -25 -346 -303 82]
[161 -107 1463 -32 -428 294 1545 -55 -440 -299 -516 -449 201 866 1193 -38 319 541 240 -155 262 -44 -1027 -1293 1061 -60 -379 -665 -582 -1179 411 -811 595 -515 617 969 137 -857 -179 468 733 1133 -201 352 -224 581 -1047 -1035 551 -909 630 75 -30 -266 -278 -749 14 144 -627 819 -457 97 -1248 11 -363 -250 -323 288 47 196 -82]
[-95 -202 2 -72 -137 710 -550 -464 1226 -708 231 -829 -935 -227 281 -623 -461 950 138 404 -419 1230 494 -265 -779 481 367 -78 -452 770 -933 887 -673 -110 607 -570 -452 178 202 -112 -1013 -93 96 451 -25 143 121 537 -418 137 754 398 -309 305 660 738 276 -400 179 -73 -1396 611 -755 -670 400 202 -129 -609 -270 -274 58]
[367 346 -699 -177 -179 916 -38 -48 159 -300 256 457 614 71 -10 -311 -558 904 -250 -878 -296 -254 49 -1217 -199 143 987 -146 -746 -483 -407 446 140 75 846 323 372 43 -957 991 517 721 -132 -68 -201 -216 -350 321 474 -39 1286 76 183 616 -928 -101 -219 -188 66 170 -412 -161 -453 639 -203 -655 -566 -552 -3 552 31]
[361 29 509 -247 -339 194 439 859 -375 122 -820 -413 557 147 203 -493 450 30 -141 -375 -212 -1379 692 -282 -94 258 -123 395 -1142 -643 -627 -845 839 379 -961 625 -75 -578 328 82 123 617 -128 -601 -83 -54 -451 207 180 -881 -1016 -204 188 -503 -401 -827 -231 74 -620 862 -568 246 -454 124 118 -2 -175 146 24 115 -25]
[1108 18 -353 354 -95 30 -328 -97 62 -358 -459 107 -474 -63 -253 -197 -400 184 -402 -1175 274 -188 250 2 -605 645 -107 -167 407 -304 -476 482 -13 450 592 280 751 -419 -894 -508 479 120 155 -283 -237 242 146 -313 506 359 -348 149 357 -622 -448 1230 60 681 -715 685 -742 544 315 830 283 -411 -116 -574 340 -121 23]
[-487 -160 1210 735 313 -241 241 577 567 248 471 396 -166 378 -669 749 -639 -70 111 930 -468 -145 -519 55 42 173 1001 -199 -575 278 -258 -329 1227 -360 -1178 457 199 -598 -29 -125 -248 253 -822 -650 44 30 225 -347 -377 596 -94 -103 609 -780 -670 -178 940 -445 205 -299 419 -665 577 170 -742 -139 -214 346 -95 -99 -124]
[289 252 -194 526 -165 -354 -969 490 -686 -553 -905 437 37 -597 520 794 -284 -124 -64 749 17 148 -284 853 1340 -603 -86 1189 -401 720 535 -792 -273 -908 255 572 -634 930 -146 -388 195 -745 679 -19 -454 288 685 473 -228 -4 -664 -228 -1408 -192 843 -104 -403 -215 -58 374 -349 -946 210 147 430 -349 -381 396 -217 -12 128]
[-465 -218 -607 188 466 102 -156 258 1319 -504 335 -334 -523 258 969 587 -709 1125 310 198 312 -112 1109 84 501 -747 -862 216 -212 -848 663 856 151 369 1081 -679 -755 533 856 -611 631 -1099 453 -808 665 355 158 25 -158 771 614 -6 250 262 272 -353 -292 -739 -250 617 44 260 -158 -153 651 -400 -223 826 -443 -239 74]
[108 -731 -544 -622 -346 -721 -2008 -48 -442 -450 420 719 -5 -532 -375 -706 -655 231 165 753 450 72 522 825 -308 259 56 631 -285 568 -974 -148 725 186 226 -961 108 1302 -475 -557 -357 -402 283 -138 83 169 307 97 292 1024 863 -161 -30 -241 288 40 -473 -31 394 -1409 1386 -959 1354 175 554 50 -116 -106 6 -314 -166]
[420 410 -1586 203 -94 -489 -1472 179 -982 -109 -566 258 280 -940 -105 797 248 -1202 -943 373 -451 -343 -676 679 -102 -808 299 751 805 -194 318 -142 -534 271 -586 231 -253 820 348 79 281 307 575 170 333 -229 1208 455 -197 1072 -166 104 -1272 -32 -406 -412 -570 -463 -544 -559 238 -262 46 -280 -398 25 -124 -203 -117 51 136]
[-538 -768 -771 487 1169 238 561 206 1135 26 1199 387 36 -598 -1278 -36 145 135 -190 691 44 304 568 159 128 287 -267 -81 -952 -258 -194 1188 174 84 -313 -219 -471 16 -1101 1065 -352 -527 56 225 376 -1361 268 594 905 318 838 419 -96 -695 -366 434 -99 -189 320 -317 -764 50 -327 847 384 -303 178 -403 361 -596 147]
[-280 -710 -300 -88 518 907 551 -420 4 331 156 280 188 545 -1416 174 -138 -238 312 -434 572 40 519 380 -1513 184 -455 130 1070 181 177 1491 -288 700 471 -645 -208 60 106 -897 176 -368 -484 -472 3 7 -25 -340 425 -138 -141 -185 318 -499 582 552 -191 -37 149 340 143 846 461 246 123 707 183 104 763 -49 14]
[556 -187 -372 -320 -84 113 -977 -63 471 -198 -917 -33 -387 545 -147 65 -694 277 151 310 -457 625 -99 755 729 -593 945 957 540 1126 336 -623 296 -158 -600 -414 344 -1078 -181 190 -442 -66 809 419 525 -445 717 48 797 844 -50 -285 660 527 -778 -440 45 -241 241 -234 -193 -199 916 120 -391 -637 -220 -102 28 318 -290]
[-1157 172 -634 74 455 -140 493 156 -1511 -53 894 -368 -983 -648 586 -1110 154 -347 -405 -533 352 273 271 182 956 -425 -367 486 -118 -617 716 514 955 63 -333 -28 -25 -553 -346 667 207 -310 393 622 127 249 -1501 -131 -587 -659 183 197 -665 1046 -126 -757 -745 -395 -285 -28 -133 141 -446 88 -569 101 -210 395 -375 -235 8]
[-492 -248 -287 63 -110 -444 -20 -76 1339 844 -723 890 931 -657 -283 -513 504 -790 -919 488 -1542 -389 -374 405 -225 -306 -1034 -604 344 437 72 81 -874 244 -664 166 617 -362 1523 640 198 -99 221 341 746 113 1100 364 576 20 -64 -566 -1110 -788 -384 -467 32 -1323 -196 -325 -1090 -556 2 -449 -466 693 600 166 -208 -18 76]
[-1230 15 -532 -503 82 301 -378 56 1393 730 252 659 -560 48 612 -310 403 -476 -227 -219 -206 410 -212 -672 508 179 384 -89 717 298 293 -258 -995 803 -286 -964 -178 1106 614 296 -29 -383 47 435 48 180 -682 -117 -520 -327 -291 321 -24 -67 -908 -772 -208 -124 416 -289 881 -1027 394 -160 106 71 -65 246 123 -14 55]
]