[[-20 -482 -764 -151 1097 271 551 560 460 -820 910 -111 -291 -240 -73 -609 -164 -667 397 263 776 139 835 56 -835 494 209 -63 504 -72 567 -723 1160 -283 -554 832 933 -503 -614 351 -107 153 -391 70 195 -165 593 -94 82 -610 -415 -620 -21 363 -134 874 -436 -1071 88 -52 -980 -32 -593 -126 114 -1042 1 695 270 532 322 -511 59 -209 -128 -1 0]
[668 139 -61 419 -641 625 -1303 -301 -651 -81 363 -71 -19 259 -274 168 -165 -431 -857 -213 472 1138 -309 -53 586 -658 -290 109 -130 474 -425 397 -1083 816 135 -574 -344 75 446 -686 1848 -480 -35 227 214 -273 -157 68 -64 -6 1032 405 -293 426 6 -373 879 905 270 319 213 201 949 89 360 491 755 -284 -223 -365 336 204 -230 253 29 -42 2]
[-6 -61 -713 197 -202 364 -495 873 600 57 1157 -19 -824 311 -627 27 204 -172 -343 328 806 479 128 -303 -412 -7 17 -1099 -416 317 263 -712 137 -39 -597 132 1071 -367 -392 386 75 -449 -332 396 352 -468 -106 -372 603 -639 780 -700 222 788 -531 -329 827 -438 -102 676 -330 231 357 814 -348 -2079 314 -218 255 1114 589 -114 -446 300 -66 -44 2]
[782 -163 133 -652 -208 117 -696 104 760 -838 -439 -591 810 -127 8 604 -384 -1072 -252 566 -142 804 526 -637 -275 -17 411 204 -669 840 -431 934 -828 1195 191 -604 -721 955 -289 -494 1044 648 368 -413 -70 7 -606 -688 -1012 134 507 99 -638 -316 565 -576 595 -38 -701 -1 -267 138 59 -54 82 278 -154 544 127 203 53 -377 287 71 -137 0 0]
[461 5 -47 56 271 401 -557 -693 -741 -965 -273 -369 -314 359 1034 436 177 521 -75 -86 352 52 -1001 427 63 -117 435 185 921 -534 -302 23 122 -274 543 392 258 -757 716 -470 -18 -386 116 -140 -198 -702 530 1169 1094 -548 432 1510 -895 512 362 64 -40 303 671 277 929 408 93 -309 725 1358 257 -207 -216 -558 -488 451 -12 86 201 1 0]
[-362 624 -398 -732 513 -208 -623 21 424 -816 -367 -599 78 34 368 689 -186 327 259 341 429 316 588 -167 -138 1212 836 578 -361 104 -440 -149 -169 248 382 667 -544 -92 -1099 -714 -773 881 13 -822 -712 648 128 93 504 671 -236 712 -1329 214 66 -638 86 -361 292 -1029 -119 101 -752 352 216 666 -576 8 40 165 -115 -19 -317 179 -32 -1 0]
[258 -404 -217 -26 1004 -1116 496 1007 -297 440 375 1187 -428 -535 156 -785 424 -1218 537 -531 -448 -1043 452 382 389 23 64 518 724 70 269 -792 325 -616 -472 420 -51 -575 205 827 -615 666 -661 97 713 269 -269 -703 -742 61 141 -1045 358 201 263 1054 -1550 -213 -180 153 -501 -876 -1094 -169 -162 -110 7 662 -114 -503 254 -204 284 -415 3 43 -2]
[322 -823 203 -208 88 -404 25 1040 178 350 136 -210 -123 823 840 -441 510 -774 -291 641 471 -17 -798 -581 -86 -400 -194 -40 -827 438 -413 -439 -37 261 293 119 -256 80 -378 416 -458 291 49 183 498 469 -300 -62 -391 86 1167 -1295 -917 -789 -401 -429 266 32 -754 1106 -387 230 305 -19 -470 -1301 399 352 138 1460 -619 -580 -11 352 268 -2 0]
[273 75 -832 1552 -371 589 838 -623 -637 154 678 437 -490 -403 -545 174 442 195 -360 90 -714 270 301 585 1074 -859 -189 -651 -2 170 409 281 -964 -469 221 -245 513 247 947 -311 473 -814 -57 760 -130 244 -206 -588 62 -57 -600 -1138 1191 363 -378 968 670 492 -58 -155 -65 175 743 -321 329 -277 -282 -615 -145 -787 970 647 -65 -231 -302 -41 2]
[-1393 472 -251 664 -940 -9 1585 -153 -157 1456 445 588 -55 -150 -424 383 -244 694 53 34 -446 -916 -559 1062 -349 72 -351 532 -160 -807 472 746 -742 -241 876 -645 74 428 721 -568 -579 -618 62 46 148 21 -1 249 73 570 -1527 -334 553 332 -396 94 -913 1116 -807 -392 349 742 176 -126 -605 -564 -474 123 -145 -13 578 572 -469 -22 -1 0 0]
[453 70 301 -557 1 -18 679 42 465 1123 -186 624 1108 -709 -519 357 -37 -1198 17 219 -215 -206 166 97 -550 -62 -205 196 -323 105 277 1512 -1363 1337 112 -1088 196 115 798 -207 -121 858 110 523 476 -941 -484 -1287 -1387 64 -41 382 403 335 622 144 -1617 -46 -182 -491 45 -365 -545 -554 -604 788 -325 468 -474 -863 1116 -654 248 -326 -135 43 -2]
[1287 -628 -977 526 475 -899 -165 -11 -753 -215 -375 781 362 -561 844 -355 762 -792 867 151 -681 -418 980 329 703 234 442 257 81 381 560 -527 1864 -744 151 154 -842 187 -844 -373 -498 131 66 -308 257 1063 -592 -243 -712 474 54 -1133 620 -485 855 484 425 -417 -1054 -81 -1177 -901 -33 -867 189 1132 23 125 170 -474 -12 -298 624 -344 -134 43 -2]
[-284 78 535 -299 -1434 -1051 -216 698 14 41 -40 207 -499 760 -817 -203 -286 -339 13 -922 531 925 532 -377 378 75 -317 1012 633 257 -435 104 -1527 364 279 139 -1015 -135 -377 185 441 453 -235 163 627 -108 202 -758 -587 357 1510 765 -636 390 -416 -78 -466 32 718 -194 395 -953 -456 -248 114 375 313 974 6 -161 -389 -30 -416 55 0 0 0]
[149 74 140 587 -1119 536 -415 435 -386 -470 35 -149 -1127 -81 -243 241 501 -698 575 -104 -107 644 -431 489 1011 -921 26 -864 46 -616 29 677 -1251 561 225 -122 518 -823 489 -216 94 -558 -49 -178 894 -1863 433 -405 801 -258 914 768 -112 816 272 -80 617 -305 -503 1194 1226 -485 829 -351 448 -127 39 249 -158 164 50 355 -467 -90 -66 -40 2]
[-263 663 892 292 604 -1390 427 -537 -355 348 -1048 -121 277 275 1800 -353 937 580 -415 -106 -86 113 788 -286 342 234 -19 1089 508 35 -361 -382 -1684 -125 -24 644 -1006 -440 318 -22 -1212 914 86 170 284 249 290 -479 85 646 383 -161 -1107 -521 -408 -344 -805 452 1458 -1020 1111 634 -396 -238 -235 1401 -170 308 -743 -784 -258 156 3 -203 114 42 -2]
[791 -366 -72 333 448 55 -678 -88 -618 739 349 -571 862 -252 1266 -431 175 840 -503 -744 772 762 -218 -350 -684 116 -298 -477 491 -351 502 -1216 1145 -182 -279 560 197 -178 144 666 -513 -227 -314 669 514 125 626 514 1515 -1168 874 -89 -466 542 -136 -587 229 613 838 2 -528 -83 1415 422 -1041 316 870 -566 -426 411 643 -299 77 272 346 -2 0]
[641 -202 -284 -431 -1044 536 -1075 -987 340 714 30 578 454 348 228 758 555 -522 -903 649 152 29 -1060 201 -915 -419 -386 -511 -416 398 -513 434 401 856 -20 -861 -54 -82 1261 -150 1155 -364 -189 60 209 -203 -391 614 395 -791 364 299 -573 -862 -118 31 -662 1057 26 252 266 535 -317 -182 243 738 -3 -672 -335 -667 549 145 -76 212 45 0 0]
[-443 377 -463 803 233 542 79 286 -808 169 673 392 -833 346 -178 -91 -278 112 -692 -234 1172 470 -813 129 1922 -368 -47 1136 -1213 -518 -1110 651 -2130 862 1192 -136 81 -834 380 -1164 159 496 1170 371 -37 133 189 251 -177 608 886 878 1 814 -375 -130 -779 380 473 21 227 -170 -35 508 574 215 -13 134 -354 -354 -576 -17 -577 188 23 -42 2]
[-639 402 -215 -253 -92 437 505 -998 634 246 94 383 145 -330 -783 367 -1275 -147 -828 410 80 -277 -197 708 -581 168 -388 628 640 345 685 -227 490 -869 -519 -686 389 130 161 -686 1379 -836 -614 -42 -583 -192 57 334 -395 -87 -1605 -1058 10 -180 215 1115 -105 707 -624 -116 -369 1557 -496 -284 1137 -8 319 -184 27 -701 512 612 386 202 -220 0 0]
[-519 493 302 998 219 -182 -1091 -600 -245 95 -347 -292 -621 959 1179 66 1109 922 -421 536 -510 -691 -526 338 89 -328 -323 -349 -11 632 -695 -533 -475 -976 -104 79 -282 -81 607 435 -510 -166 -473 -186 125 882 -295 1388 494 256 -267 588 -663 -257 -39 -702 434 912 643 153 1395 931 -38 691 156 30 -186 -1403 -139 679 -659 601 -761 -152 338 16 0]
[9 -231 531 979 -292 784 -152 -324 -369 -166 199 -364 -201 -51 -905 -938 -656 150 -73 -137 141 242 -89 140 764 -1073 -933 -214 680 442 652 -21 290 -628 -520 -358 1105 -110 182 56 944 -118 -245 379 -193 -445 261 268 -578 -385 234 733 1459 132 101 860 1001 -817 774 663 -619 -748 519 -510 1719 272 546 134 153 -270 308 -130 119 -1 -142 -41 2]
[2 -288 714 -344 1018 323 314 59 -233 1136 -369 712 -183 734 -459 -636 50 -164 -518 178 529 -783 -1974 -758 901 -449 -573 57 -814 78 -1018 -357 199 276 -823 -956 374 -104 406 421 -234 240 559 684 -344 -283 -507 -137 -1023 745 512 -901 785 -133 -533 -123 -621 -278 -289 820 -143 -519 -708 1221 -255 -692 102 -438 23 -175 -333 -629 217 308 167 -17 0]
[-701 -286 -81 -1130 -1582 277 888 -365 754 434 -1116 -242 1154 66 -389 -455 -738 -323 909 -129 325 111 -24 -223 -272 126 -862 5 -574 -591 12 113 1724 762 -254 -525 -882 643 -817 -86 -187 485 83 -440 -249 231 99 -285 -651 -82 209 -392 26 -1401 -418 597 502 -1474 -910 -4 -1069 -1145 -525 -798 518 354 -163 1060 438 164 222 -1013 468 81 -234 -16 0]
[-322 157 -159 243 -697 69 -811 -212 276 1643 587 1240 -173 -95 -601 559 -484 -114 -791 445 171 -319 -1270 56 696 -58 -1052 464 -532 417 -277 379 -298 -224 -346 -883 590 -126 564 -45 873 -121 -22 247 264 128 -406 444 -309 396 -278 -451 924 -90 -456 -220 -326 1044 -444 143 -47 -579 -203 274 804 196 78 -1044 -774 -830 636 704 -409 356 -212 68 1]
[-169 -1244 60 -295 -533 297 -122 951 -24 355 1159 257 -188 87 -458 -195 -583 -1233 -105 508 714 2 -751 -25 -1272 -512 -784 247 -299 71 -718 561 132 672 48 14 348 -243 617 382 1746 -125 -110 -437 442 -37 488 423 -518 8 -326 334 -107 -357 -601 220 -734 614 -227 890 -411 48 -118 -700 260 -329 -40 626 -283 510 -355 360 -235 -1 104 20 0]
[-29 542 97 139 -194 -539 69 72 -386 -351 552 125 -848 742 -187 170 -177 -215 -871 -670 901 -61 222 88 -275 -47 343 650 690 -178 -360 -24 -1430 108 91 -236 479 -258 466 -570 -20 287 402 720 -48 -685 156 74 70 194 1160 489 81 1150 183 -331 -261 445 968 103 309 421 -683 481 -154 -650 873 752 219 -377 363 -235 -304 441 303 -127 1]
[633 528 -304 -360 431 747 -527 -1133 -48 -506 -441 -156 356 -272 -73 801 -600 856 -514 179 205 72 -358 -443 -286 676 708 -131 -1055 -472 50 645 -223 701 412 -450 275 275 -207 -1034 134 -287 946 -210 -735 -1131 411 133 713 -10 -119 953 436 136 653 -880 215 621 291 -658 -194 52 225 1196 -546 353 -133 -591 139 -249 385 96 -202 554 133 -22 3]
[203 229 114 41 -1018 -812 -738 102 -296 732 121 947 313 282 1398 -200 -235 -349 -757 43 1136 788 -299 -57 635 -191 -187 932 16 -218 -32 -591 -352 394 217 -324 -332 348 -75 -314 182 -132 56 46 472 -9 -537 186 18 455 1505 -1003 -478 -83 -667 -934 374 584 -252 183 -231 239 468 510 290 635 934 809 -251 -579 476 -318 437 485 -193 -108 0]
[-539 776 1632 -136 74 468 -503 -426 -75 1730 -1196 -636 1030 -84 -503 -455 167 876 108 -56 -165 -866 372 -211 109 54 -1034 -243 -1015 -32 780 -395 279 499 -419 -643 -501 11 -902 -364 -946 -26 58 291 -472 -235 -140 -268 83 1151 -169 -49 537 -258 -124 -811 694 -42 577 -579 -584 -162 621 381 -781 -299 857 -719 -167 253 914 -516 -488 284 213 37 7]
[410 -33 -257 97 1713 -604 1072 88 369 185 -163 -85 126 -424 1485 315 270 -149 -225 144 -211 -865 118 -255 199 -508 13 -734 200 280 229 -396 -16 -960 -946 394 775 -383 358 682 -1255 1123 194 297 -34 242 -578 -273 -372 -1048 274 -987 -71 -411 876 244 -345 -648 -593 815 692 1383 -130 -370 275 -728 -12 -575 -378 -94 -118 108 800 -204 152 111 -9]
[596 -318 -82 255 630 656 852 -1078 -510 -28 28 -548 885 18 711 -757 181 -125 -485 1413 150 665 681 -627 -525 -620 -8 169 158 602 -74 248 -182 518 357 -121 126 1067 129 194 472 221 -425 -474 -107 324 287 -469 -669 193 -1062 -508 -468 -889 -689 383 -911 71 699 -1141 -988 805 219 -175 184 223 -842 378 -81 -110 879 -216 -36 -152 -316 -34 0]
[-54 124 341 -676 425 1023 -571 78 -1005 -781 125 -1117 237 -1083 -503 -414 -1685 -58 -170 -1514 -460 364 -312 -377 1294 -862 -350 189 -124 -104 -953 14 460 674 -674 111 105 99 85 42 1607 665 -62 -914 -907 590 609 248 464 -515 73 606 -323 -353 577 475 332 -184 251 408 -839 -187 621 297 683 -44 530 288 -220 -403 353 -195 233 879 286 -104 -3]
[272 -171 811 227 -460 -35 -429 -563 984 186 4 -351 419 -1033 -858 -586 -62 -606 -642 374 -177 1012 1084 -931 -197 -745 -588 -1296 -1023 891 232 76 127 1057 -1672 -717 964 211 -194 461 474 474 185 -153 904 -1315 864 -1030 191 -755 394 -497 699 -1540 328 -341 294 -612 193 516 -792 -278 292 1115 26 -299 -224 246 -35 141 1014 -872 -14 150 -35 -89 -2]
[-218 -298 1341 -800 1402 1043 263 100 1039 -808 -1144 -1181 1101 -214 336 215 -418 408 373 -524 -429 272 -307 -349 -1060 350 611 -383 -38 -378 102 370 708 1041 -467 55 354 525 316 474 -367 390 1457 -239 -285 -1282 -24 -215 476 -631 -488 585 -53 559 218 -594 -516 -483 -885 173 201 368 346 867 -1338 -1266 -469 239 300 612 -304 -394 204 -70 369 35 -1]
[-625 -117 -44 -6 -1027 -39 680 339 -154 -271 -181 170 -977 105 74 -272 -116 -1295 540 -89 -175 96 280 421 160 -568 -247 -65 -474 -215 -317 55 -592 227 261 79 -623 218 -220 329 658 -97 -839 5 444 743 124 -452 -387 704 -474 -1105 -529 -1007 230 450 633 -234 -813 141 584 209 -335 -536 -78 -708 -431 530 858 968 -696 -146 406 -81 -11 -86 1]
[-204 94 -351 -225 225 463 907 300 970 -1177 100 -1190 -588 -209 -996 163 -927 -499 59 -195 -219 658 342 379 -17 -487 597 -524 -216 440 -496 348 -526 -468 35 304 299 170 -670 -65 248 492 608 265 -222 271 639 -455 -321 -154 -385 -10 -363 144 607 484 1002 -1043 -974 429 -327 125 -468 -25 245 -1218 -513 63 967 1140 -1342 -265 209 -355 189 -115 1]
[579 -372 369 -314 -909 -367 215 299 223 142 -124 656 -312 -53 -110 -422 53 172 761 -726 59 -366 487 456 71 -423 -584 -487 1032 -157 371 -907 1058 -1256 -760 414 37 -837 -40 761 -667 -839 -77 642 533 -390 592 295 321 -495 663 126 377 400 326 1071 188 -400 20 541 506 -460 -605 -609 271 939 788 -76 31 -541 -622 124 742 -729 -54 109 2]
[-1492 491 124 70 706 648 31 687 385 168 -68 396 739 -497 -310 -561 -887 -76 597 -288 265 -687 -779 1062 631 800 -593 1470 -1168 -213 -246 641 -374 645 410 -141 -400 -200 -437 -440 -472 712 342 -429 174 310 -250 662 -1172 931 -416 544 278 487 3 -307 -649 -349 -506 -569 -1055 -1099 -78 977 -54 -159 29 209 -134 195 75 -867 -664 -55 -184 -15 -3]
[-268 944 1013 454 -1128 -519 200 -254 -240 827 -499 623 -1132 567 -849 54 731 159 602 -314 -75 -134 200 310 670 2 -435 -176 510 209 54 135 -1528 -63 -687 47 -525 87 -47 287 -87 -416 -198 -182 -150 -681 -2 -745 -88 1447 11 -132 446 145 -158 -207 -340 425 141 -456 965 -30 -414 68 -33 259 -510 -743 143 -981 -278 608 -322 -247 8 -43 -4]
[1365 -72 400 -938 -740 -260 -779 -139 -250 396 122 146 163 580 402 21 660 -1007 -662 670 361 -331 -301 -104 -163 -60 -95 533 649 608 -233 -296 107 109 163 -101 -691 199 -287 -264 -302 493 -340 365 -311 174 -499 214 -298 101 1363 -884 -846 -287 -22 123 -10 548 359 70 -693 37 -775 -1031 1047 599 864 -27 -203 -869 521 -367 37 312 -492 -10 5]
[-449 774 -446 26 1062 -108 -589 -859 -543 -25 -532 728 -100 -129 223 -156 405 560 94 -1522 -1094 -407 -604 198 1629 38 -428 758 172 67 -1094 -368 209 -277 -468 392 -767 -29 470 601 1136 397 308 -52 -589 1546 -346 389 381 128 -345 59 -76 -553 -800 1188 -776 145 408 -575 326 -1201 -804 655 376 547 -196 -727 -475 -1485 -620 423 -19 -51 336 46 1]
[532 496 -1010 535 -729 -205 -679 -75 5 764 399 764 -109 -469 530 569 976 150 -298 0 -99 174 447 452 -547 254 318 -133 -457 223 -110 -326 -470 -482 202 -945 -483 297 460 -320 -1363 -194 -397 276 705 -7 -474 -367 782 -154 211 -46 -107 1598 514 -487 -635 889 -375 -511 106 120 93 845 -617 798 -188 -245 -673 1 1003 -196 155 16 -198 -70 -3]
[-290 402 276 -95 -1019 -396 414 -590 837 -921 -442 220 27 -742 19 195 74 -568 384 -455 -552 551 1247 494 -347 66 74 -10 -530 -622 444 506 -89 792 148 276 -972 55 -316 -240 -613 -23 293 -251 669 -1041 500 -633 661 -440 119 252 -190 -1014 595 -383 -579 -199 -320 -538 581 120 -17 -142 -350 53 -580 979 198 -1 110 111 111 16 -155 -109 -5]
[-317 -315 1227 -1160 679 55 275 -174 556 -1246 2 -489 -57 -595 -4 -246 -196 -522 894 -661 -663 -1003 -633 288 -914 -196 360 -274 522 -835 331 -21 776 703 -260 628 -387 694 155 1065 169 422 -501 -1177 -868 -298 119 447 491 -150 -465 494 -370 -849 274 57 -1177 -366 -212 451 -177 -109 -679 219 330 -294 -672 590 682 78 -500 -243 668 12 3 -216 -4]
[824 203 -1098 -6 193 -148 279 -668 161 435 -205 -137 1192 -1127 1163 528 62 -1060 -552 57 397 887 519 149 -877 -245 -23 79 -153 49 -49 197 370 819 -287 -601 -381 470 338 -828 919 16 -69 129 241 -133 82 -137 224 -918 -67 -998 -640 -543 624 134 144 483 -641 -99 -943 510 391 -301 -144 873 428 671 -281 -604 920 -701 857 -68 299 -115 -5]
[496 -195 -400 -610 404 -409 542 502 -682 -269 131 219 484 382 1134 537 -306 -398 493 33 414 -93 -748 693 -448 417 -91 1020 194 -36 -82 435 -649 263 1770 740 -407 -555 -269 -635 -1158 -189 330 418 -292 -162 186 272 -303 -24 704 603 -1290 1095 175 20 -352 542 282 -373 -524 487 249 -970 -285 1345 838 271 -656 -2 -504 -534 -223 187 364 -98 -5]
[25 338 368 -112 -1140 -214 -252 -197 450 -813 -910 -1118 370 379 919 283 1454 746 208 962 -1322 -360 -51 52 -555 79 269 -837 -935 661 -156 -46 -15 511 396 -92 -1147 1274 -203 -205 -1078 76 56 -649 -533 1159 -8 572 863 360 -501 -637 -756 -1280 -168 -778 1895 384 -561 296 252 471 737 -118 -165 -77 -726 -143 271 759 -93 137 -57 303 -272 17 6]
[-45 120 145 -96 392 365 221 -345 -1113 950 150 444 -139 584 498 183 -96 44 -546 -156 449 154 -1294 168 1443 -741 -502 586 -812 -486 -881 194 -928 687 1521 -235 194 427 425 -180 -776 34 413 406 20 464 127 597 405 1199 -19 -197 -570 -36 -655 -46 -910 1085 -578 -336 -173 -634 257 424 23 108 102 -125 -858 -434 614 240 -234 526 200 32 3]
[-976 296 825 163 -566 -714 -85 1115 2 749 -64 135 -579 282 -92 -277 -250 -691 319 -616 349 149 -770 410 797 -176 -535 199 960 -121 -276 -682 -1335 -546 -285 17 -324 -207 101 605 -654 -1019 -525 -243 883 -541 -49 275 504 498 291 -646 -980 881 -142 27 61 911 -845 1090 1318 550 1101 509 -241 -153 768 -28 -166 867 -902 613 -85 -90 486 79 -7]
[-600 -700 602 52 209 310 -304 -829 433 620 489 -433 -173 -57 -1178 -191 -715 -257 -714 -970 1226 787 384 -371 123 138 -1194 304 522 133 -486 -232 104 492 -668 -122 -94 -753 353 376 1133 1012 176 1129 189 727 456 334 119 -537 442 223 -342 -344 -385 739 -1119 178 1390 -663 -638 -570 -943 161 737 781 190 -417 -450 -707 32 -900 -314 -51 -38 -99 -2]
[-717 395 87 343 -105 375 -368 -169 -569 307 555 -427 -652 1464 -892 -101 -253 986 -515 45 592 -269 -1075 171 -572 368 -331 366 157 283 -357 277 -438 -654 777 -476 50 309 -511 -636 884 -144 -206 166 -77 767 -295 1132 -405 1081 -307 702 -401 315 -336 -914 952 585 -89 -233 -104 -76 403 209 -24 -1251 577 -723 413 840 -501 259 -816 395 320 -7 2]
[-18 -321 993 1174 800 383 -80 -510 -364 375 -272 134 652 -458 585 -974 665 -222 -996 864 281 498 187 -252 969 -777 -905 -6 -1082 -411 54 200 -966 840 144 -458 539 -295 601 -671 158 -23 1172 840 -132 -273 408 -27 -274 630 -59 -635 474 -845 -635 -151 963 696 492 207 187 695 822 -333 637 604 451 -43 -481 -463 -249 353 88 -384 29 111 9]
[558 148 -812 257 945 851 -220 -107 839 -996 676 -929 873 -972 -202 -310 -262 -511 -318 44 -90 888 1458 -615 -39 112 -291 -409 -496 182 -185 -57 902 595 -1063 33 28 502 -209 316 861 353 313 57 287 559 481 -366 42 -1173 -474 -298 -58 37 76 22 -95 -487 94 -393 -1656 -49 716 334 -376 -520 -52 -73 -405 39 195 -444 52 -271 89 1 -89]
[-708 -73 -852 229 -343 522 239 414 -6 -43 986 292 -761 133 -386 -313 -140 -748 -186 453 539 856 -294 308 1150 -628 -541 -87 -1141 209 -1051 -263 -883 721 -74 332 -71 -161 -134 -488 -188 246 -445 -769 168 500 -6 76 70 504 279 -1177 -616 23 -706 407 68 7 -798 294 -7 221 -281 878 630 -1079 -675 -50 -82 719 1340 -354 -755 322 -325 -180 -50]
[-115 458 53 602 -382 -160 629 -3 89 -366 534 487 -414 1184 -417 212 53 -739 -537 -425 -448 266 260 -105 -458 -611 716 532 1003 863 405 370 -1400 -237 377 -669 -413 1095 862 -550 959 -79 -126 153 186 -171 -1256 -1092 -932 251 340 -942 402 344 -282 -145 480 566 -824 162 816 1196 339 115 -338 -1626 202 1026 801 41 372 467 265 221 379 -163 12]
[1051 489 -657 685 206 -1132 -354 338 -671 235 -83 491 -130 751 1142 694 1340 850 -252 133 567 683 152 -594 1657 -546 390 -785 -386 318 161 -196 -1512 24 734 535 -575 -364 -475 -439 -781 -308 504 914 224 -13 -730 -470 135 -297 2286 -312 -158 -60 -686 -636 943 -195 443 173 731 71 1313 396 -401 157 1056 -729 -780 -283 -411 -209 35 -256 65 139 -78]
[167 -42 -715 1024 173 902 587 -1238 -763 -853 -227 -951 210 -370 691 -41 -535 299 -445 -668 1288 765 379 276 501 -81 -303 695 687 -368 -281 -561 -446 -59 215 246 -122 -656 672 -735 360 13 249 252 4 43 638 55 850 -284 552 216 -764 1146 -275 837 168 173 802 -439 -404 180 448 -334 755 805 -152 87 16 -224 671 768 42 101 66 -6 1]
[-853 119 -829 -121 -1270 -363 938 -136 228 1588 527 386 114 -27 -1368 377 -784 832 597 -1072 635 -654 480 606 -911 598 -899 -397 -572 -708 750 -658 720 -519 406 -80 -137 -297 -619 151 -888 -347 519 421 118 282 468 -177 651 -404 -212 631 609 1335 224 574 -942 251 -382 -237 -479 -333 -430 119 -786 -493 46 -689 -163 713 276 85 -729 88 271 194 57]
[1043 -9 -117 -132 1674 233 59 244 -115 779 608 439 131 236 -253 -1059 754 406 -475 -428 -639 -323 -876 -338 192 -243 266 -585 -93 935 778 -534 463 -386 -531 -28 1120 -694 621 488 -269 -223 -18 850 -508 3 -262 -776 -207 -94 433 -706 1217 4 -682 377 83 38 793 269 -690 -373 332 2 -645 -778 313 -296 -451 0 598 -89 344 415 442 29 79]
[962 -392 -217 -982 1223 -65 -839 1316 126 523 -28 -79 677 -274 -475 -129 -270 -816 -166 -199 501 310 -31 -608 -15 802 -42 -61 -85 840 -479 -552 435 64 -638 389 357 -374 -766 424 -42 639 -354 43 -211 711 -586 -569 -867 386 710 -468 -643 832 212 -30 392 -273 -5 -79 -1528 -478 -352 4 -829 355 824 -420 -442 -134 487 -981 217 -12 274 -48 -8]
[1319 506 458 -823 384 699 -1428 235 -26 160 -230 -457 350 384 -606 925 197 256 -175 146 -127 -190 -548 -539 -316 168 156 -1393 -580 497 -672 171 -640 42 236 60 -122 659 -11 755 -183 260 -178 -192 -978 514 -578 187 197 378 73 1044 -373 273 -39 -522 544 409 310 -64 320 -560 237 574 -254 -302 -184 -1503 -246 72 350 733 -257 423 196 132 -43]
[-337 210 957 975 224 -175 -38 -120 -323 417 -89 273 262 -1019 219 -442 -856 -229 -816 -585 -625 528 -372 501 1121 -855 -35 1040 856 -234 779 343 -1334 50 75 -184 -1 793 1092 58 1309 45 -290 6 512 -756 -68 -248 -322 101 -342 -416 298 -567 80 -223 -459 1206 -487 489 283 63 1060 66 393 456 120 715 -258 -898 360 560 387 -284 211 -31 -25]
[-475 -690 -898 341 -309 -962 649 870 1033 62 922 -180 151 -130 91 670 -823 -17 -369 -129 586 614 1393 -733 -440 943 424 602 -994 -230 18 -126 -511 -684 1000 296 -483 903 -885 -41 -675 67 483 13 143 1362 -190 100 -452 267 -300 -1092 -169 674 -14 -757 428 865 -696 -447 -1264 -317 288 505 -545 -652 -133 67 128 1343 -609 -178 -67 -121 31 101 26]
[-261 548 -277 30 -393 248 -541 -450 429 -1113 -65 -16 -557 -677 -382 356 664 60 210 281 -308 77 1430 -137 616 -22 -208 -529 -302 -435 -557 120 -53 -7 -486 557 -121 -1251 132 -587 -183 -15 242 -319 -42 -809 -115 -137 586 -618 442 432 157 -513 -51 -27 607 -1061 1230 -500 853 207 -655 -506 1002 375 202 315 -562 -983 182 155 -330 -61 -421 -128 20]
[1422 -366 -622 269 1387 251 -133 221 -89 -1097 65 -886 461 -262 65 799 316 -334 -426 642 684 460 1213 -1186 -17 189 214 -222 -345 1257 -133 -331 -416 -166 -273 213 269 -297 -562 -404 -252 515 -65 877 23 671 141 -891 -3 -70 346 -370 -919 960 693 70 906 21 640 -350 -665 578 141 370 -543 243 514 -437 -282 296 619 15 174 273 27 119 84]
[-499 -278 685 -747 261 -807 415 -163 299 -161 272 525 -34 -804 -1066 4 -913 -363 55 -849 -777 -148 322 389 79 -80 298 -110 710 -47 486 -799 1528 -156 -958 799 723 677 3 922 -341 752 -204 -309 -357 162 -17 -187 781 -268 -970 -547 620 -912 59 833 -1162 -257 76 -39 -712 -547 -873 878 335 -98 -531 437 419 -677 974 -44 368 57 106 -162 -10]
[14 -462 -359 476 -160 73 305 -216 -255 -124 765 441 -61 551 -61 -600 -1040 -11 178 68 1689 628 574 208 -542 227 -206 1438 -233 -173 892 -336 296 219 1137 -95 -563 378 -1320 -866 1410 -758 456 -99 444 -104 505 516 -690 378 90 79 -110 348 151 275 -569 512 -470 -211 -316 799 299 1 228 57 278 707 486 761 -512 -360 15 182 57 19 -51]
[329 585 -1251 927 -435 -67 -690 -95 -187 540 298 461 -164 213 223 821 98 -166 -775 901 514 307 -442 -47 547 11 460 339 -645 762 -299 -150 -1534 -588 487 -1157 -820 359 152 -1146 154 280 -224 179 455 -200 -1092 -1023 -719 455 607 -546 -491 1320 49 -712 729 439 -389 250 499 630 264 1118 297 286 -89 -430 -517 403 485 123 -188 -86 -388 -30 -162]
[325 404 -202 -72 146 278 -898 311 -300 334 925 -150 -620 482 179 527 -2 613 -575 53 -221 -233 -1064 -70 728 -37 -309 390 250 504 -399 -8 -1199 -224 26 -293 129 250 538 -306 197 41 -591 508 21 438 -377 -22 -31 274 918 31 -960 926 -605 -362 785 308 324 -299 287 142 116 472 115 178 435 -504 -596 -255 515 424 -392 401 270 112 108]
[-226 115 -123 -420 224 938 459 3 -466 805 -381 -566 874 -438 873 -85 -463 184 407 198 -192 -466 -313 107 -453 -146 302 24 -525 -972 -463 1008 -312 1320 98 -308 -7 295 614 -280 -52 1136 1092 -402 -245 -64 -134 -211 -23 4 -505 838 219 -184 -421 -74 -611 132 -44 -680 277 203 -263 -62 -282 460 -943 734 -73 -275 528 -121 -98 -483 -152 90 56]
[543 -1082 565 -43 679 -338 725 416 -362 2 280 -104 656 9 398 -1511 635 -445 90 -499 82 -318 325 -294 -405 -282 -302 1074 676 62 -127 -346 713 410 113 460 -178 -211 718 228 -275 486 693 812 887 -350 700 -142 -837 -608 783 -95 243 277 -90 806 -1221 -270 258 39 -767 -779 -1040 -435 -375 90 152 1336 375 -180 -270 -686 226 -819 245 13 -14]
[-170 203 585 -3 933 -306 -416 -771 -109 990 -88 9 659 -1089 237 -449 -388 24 -420 -316 -402 -630 877 -65 358 -257 -562 372 965 -43 874 -171 621 -655 -674 -234 217 266 -459 60 289 286 -461 -266 353 -28 -337 443 -244 436 -746 -339 818 -427 619 -13 179 539 3 -371 -96 380 309 -438 832 350 742 -579 -647 -590 538 176 422 -491 51 -27 -95]
[-820 -189 997 351 932 169 84 -305 86 1032 168 -359 39 -17 1003 342 -548 1359 -411 -79 809 -23 -653 -395 276 157 -59 467 247 -492 -355 -521 -336 -267 -380 476 1049 -610 707 120 -696 445 1166 127 -386 -128 527 560 1552 666 -349 233 -107 313 -1094 -848 -528 89 773 -400 429 183 -212 893 -33 147 -132 -376 -302 -609 111 123 -103 440 307 -227 221]
[88 -39 561 -1648 646 192 233 316 347 -347 -591 -555 986 -594 574 6 -762 746 528 -218 -184 -191 -734 -261 104 455 18 31 171 -317 -387 -831 884 -108 194 762 -399 -115 -943 844 -898 429 -289 -693 -1349 763 235 454 313 -88 -132 -75 -1538 193 191 -368 -374 -290 -277 -244 -870 346 -214 545 -253 404 228 -387 160 -236 -756 -337 212 161 -58 -312 187]
[-532 3 149 286 -651 -228 1168 354 432 616 -250 -410 939 -287 239 462 399 697 545 335 -655 -793 276 414 -761 27 358 -295 117 -294 1019 997 -617 337 1574 -520 233 328 828 -205 -1396 406 450 289 354 -351 -936 -327 7 -413 179 940 126 576 98 -77 203 -71 178 -106 577 622 104 -807 -530 830 -334 444 281 -65 338 -177 409 -616 -87 -14 -37]
[326 -207 -761 952 -342 -306 765 80 -231 -269 -235 -534 81 -142 578 312 590 -251 921 701 -3 183 931 342 377 238 812 79 -378 -341 -46 804 -573 444 1083 -147 -472 773 -460 -570 -1204 715 316 -431 498 584 -211 -52 -414 249 -205 525 70 -184 559 -214 96 -377 -430 -622 -230 -640 134 -84 -99 866 -1043 697 297 213 425 -592 -226 -289 -348 200 -41]
[706 442 -771 -326 612 1073 -1342 235 -193 -541 1173 -764 535 -607 -981 209 -988 299 -94 50 235 817 -406 -570 86 610 712 -625 -61 265 248 -116 1607 -151 -525 -410 269 980 -982 -912 421 76 -226 -293 -1027 478 -785 -16 398 -297 143 82 208 487 27 -767 1578 -175 -257 90 -1057 -271 1175 617 253 -600 292 -274 -13 401 828 -30 84 716 -120 -154 -75]
]