[[475 466 218 -718 -927 -505 112 -514 -623 -279 -319 -874 402 1082 897 323 217 -372 990 573 590 986 307 -984 272 525 251 -281 -637 -579 -311 -140 721 626 20 25 314 -263 897 345 -44 645 -688 243 471 -766 -236 -48 -313 347 -774 573 -275 100 340 -9 478 349 988 -307 418 -287 -12 -706 168 76 -75 -720 -378 -163 -100 80 64 -203 -329 -147 -5 0]
[505 -978 -460 -78 932 252 345 -289 -447 -449 -449 -82 -286 548 -152 -84 -145 708 163 441 -60 116 -297 -123 -718 64 -391 -906 113 -15 -230 -775 -813 -654 113 1018 -413 140 -124 307 -97 -1068 106 -776 -1186 951 -369 -932 461 945 299 -599 -1047 1072 -350 -390 -49 1018 -700 -5 211 380 20 759 -293 517 622 592 504 79 390 -348 -97 497 -262 -116 0 0]
[470 -114 182 317 -1051 261 -2 -745 -584 703 -636 1249 241 -187 -128 -22 -583 -133 -990 -540 401 79 -391 1043 -780 727 744 -353 166 885 275 -655 -389 232 -979 -56 -421 235 -809 -1102 144 -429 106 -229 521 -23 -80 1209 -93 392 1158 -684 253 -383 -461 -779 -633 -622 -887 727 976 -109 156 1477 125 -1081 55 -412 -31 -330 -740 293 700 -28 -4 0 0 0]
[224 -920 292 -152 373 750 -672 -112 -160 117 162 -1 -967 1916 527 452 436 609 814 111 307 -234 -265 565 -1387 578 -459 -871 378 1031 926 -888 -919 -54 -888 172 936 161 423 193 823 -653 205 -773 254 1120 -775 904 -324 507 342 -655 -1079 962 361 -902 -543 408 542 -183 -307 -401 -730 1101 751 -421 -164 467 -78 -483 -104 312 461 462 353 0 0 0]
[856 335 -61 388 -1423 -803 313 -733 -1368 802 -862 186 -501 -12 -176 -945 246 -802 -782 -83 -45 143 105 -1397 229 879 1352 48 19 -350 -1179 -236 198 1593 1039 113 -96 197 -135 -1163 -281 429 679 222 530 -964 -259 -705 -161 819 -237 41 -162 -195 -878 -313 1018 429 775 718 901 -829 572 597 -358 20 618 -717 296 459 -484 -451 120 204 -150 0 0 0]
[-68 -697 -245 12 3 352 815 -69 64 -111 585 143 -419 -306 -657 151 -169 727 162 1089 1196 -750 -405 850 -31 -227 -426 -945 343 576 676 144 -269 -1359 -208 479 -1136 38 -111 757 -980 -495 144 -1582 -931 905 167 561 -248 -195 229 311 359 232 157 99 -1025 842 579 -910 634 101 600 395 419 -48 643 -73 499 -141 -220 301 832 -275 -552 -126 0 0]
[36 -26 723 40 -102 341 -610 -26 450 -1359 324 56 536 39 302 200 587 293 -114 -758 -751 960 253 528 752 -298 -1253 -561 -229 168 533 170 945 20 -873 -875 851 -580 269 685 734 286 -266 1431 519 -869 -51 421 425 -969 -314 756 325 -798 1066 84 -723 -1590 -870 741 -408 532 -548 -272 -787 -794 -256 61 -721 875 -350 -81 -504 -411 -26 -62 -6 0]
[859 -128 -642 -715 178 340 436 -1693 -1494 -365 -1331 -514 812 -435 289 948 -1255 341 -282 -695 503 1886 -312 1192 485 842 984 -996 -562 -13 -745 -1291 807 729 -122 540 -56 -619 -19 -527 453 -194 -736 186 -482 -591 107 456 841 218 -412 66 -6 -614 -350 -721 452 232 -1230 576 -81 428 140 -126 -899 409 -987 -1002 -556 -57 -212 91 52 -96 -629 -263 -5 0]
[-485 -174 -358 -960 649 184 -370 605 -559 365 729 -154 -729 636 -725 827 1210 973 509 -753 229 -470 -36 1613 653 -617 451 -89 -457 -725 389 65 -85 -595 305 235 50 -348 1345 965 -162 233 599 -288 85 -114 -25 -827 -453 -556 -919 814 -244 404 562 -103 538 891 1249 -1363 -880 -859 107 -301 -12 823 -570 257 -950 -2 -237 427 83 -400 169 45 0 0]
[-712 -378 -151 -617 -1347 263 -55 -617 153 1009 886 725 4 754 -986 -326 971 786 -232 143 313 -228 -888 937 -877 48 1107 162 651 558 177 678 -1472 -916 -210 107 -511 790 423 -611 -538 81 335 -1224 765 278 -105 -336 -1099 77 728 -243 145 281 -80 -198 98 536 39 -275 554 -843 77 67 434 -731 -347 344 163 -81 -350 221 838 497 140 -171 -179 -10]
[879 733 -1023 -1112 -762 -348 -65 -1585 -580 128 -925 -580 1211 -199 -427 913 -845 1251 -583 -290 -539 1308 133 1605 95 -286 889 -904 -452 16 -379 -326 58 -395 -842 724 -782 -273 -245 -159 -122 352 -455 688 199 -694 550 -890 -91 -1240 37 -103 227 -86 -266 -330 647 377 -1779 490 530 -186 517 -350 -693 -135 -764 -432 -346 -255 -447 1088 -229 -211 -425 -202 -178 -10]
[987 377 -155 -180 -914 -373 -87 -219 -599 -226 -219 31 -665 975 -265 114 364 879 937 367 511 -539 298 653 770 44 651 -668 -325 318 1120 -65 74 552 -714 476 -332 219 -924 468 -294 334 -430 -85 90 176 -127 845 -497 -37 -45 -306 -221 591 241 -1329 -103 825 928 -3 674 -427 656 915 415 -435 888 -1225 -217 -248 -660 1002 399 -980 370 72 187 10]
[-68 -819 -360 83 -1260 -176 -168 -600 11 -357 -90 1172 750 -545 -589 -229 -259 -373 192 995 546 402 -1326 -647 -106 742 -384 -642 988 1093 111 1086 -376 -126 103 -282 -1568 359 -164 530 -651 -221 -524 -1251 -64 447 -494 1107 204 1202 838 -551 1161 166 -374 -153 -676 -1022 -1226 858 788 406 182 61 -36 -706 667 -444 389 -70 144 -394 570 109 -529 -30 -1 0]
[-860 519 -687 -175 -269 -571 -597 -593 -57 -597 -67 279 -69 -725 -609 -104 663 654 -409 -1249 -861 424 -323 752 1222 -809 691 579 -220 -481 -655 760 128 1026 1696 -596 -794 391 46 281 -325 1086 96 812 496 -647 127 -1034 868 -731 -308 -127 -98 -531 209 -53 1506 -35 -560 -20 -1555 -1233 -22 -824 -1480 1260 -665 -228 170 1578 42 -294 118 151 184 0 0 0]
[-645 80 -179 -518 -390 -1090 -573 473 1297 -1137 -420 -931 912 -660 386 -870 228 -1301 740 718 -716 724 -605 -2025 909 -708 -549 561 -399 -365 -269 396 -409 248 1537 -890 -605 308 617 -211 370 194 -225 58 -445 462 362 -624 -287 1135 -165 -176 44 -434 -79 864 773 -619 -600 412 -352 372 -192 -1160 -421 -287 -206 419 989 648 684 -392 -231 663 196 -45 0 0]
[961 -167 -15 -35 -728 293 -473 -345 -246 351 -136 910 859 1281 -418 399 761 809 147 135 -325 -175 389 731 -224 363 -613 -619 -284 -528 -44 195 378 136 -1169 277 -88 1023 -341 1242 -781 -533 -94 1289 368 -76 -94 103 -86 -388 386 215 11 475 63 -73 -492 -475 -55 79 910 -406 122 1332 740 -270 2120 -299 -346 -656 -68 641 66 -874 -144 44 0 0]
[216 26 73 -261 420 142 128 842 146 699 -812 757 776 214 412 225 -748 127 28 -556 -199 -232 142 381 -180 -7 -27 452 -52 -324 1330 -131 -53 -235 -1480 858 -252 -637 -718 -266 -55 170 -1094 383 46 -433 -766 775 -66 610 997 -1054 801 1222 21 -314 -1078 -1696 -1493 1183 102 997 -494 911 31 -1234 -163 573 -694 -540 -580 -40 -808 -430 -40 141 -1 0]
[457 -963 1114 -695 -792 249 -50 -202 214 1004 -45 804 288 1679 -734 -820 737 837 -519 283 -322 584 686 308 719 160 -166 -256 -501 -951 558 -645 -890 -209 -1136 -166 361 1135 -54 -424 273 -124 124 513 76 -44 107 -338 -739 564 565 277 -144 254 622 -563 -272 -78 -210 967 697 266 714 1647 188 -891 1006 486 -115 292 -775 -203 157 30 -56 -240 -185 -10]
[201 648 251 368 584 -823 161 -164 606 -13 -339 157 589 -729 276 373 -1898 -510 -383 1222 -23 866 461 -738 -1081 -848 -1186 -806 -635 302 -739 -859 -344 -618 62 517 -1207 -57 -1028 148 -124 -86 -452 -337 -650 1084 547 -718 548 -645 393 -233 -96 61 -117 -268 344 304 -1029 -325 57 1205 200 555 -218 755 -771 -12 742 -111 361 485 133 351 -368 61 0 0]
[-387 -358 249 -147 369 35 976 903 206 444 -686 1025 -1127 -359 174 -289 -1063 -831 -274 241 1197 -845 -255 386 -1218 664 -626 170 1068 922 1208 -166 -320 -432 -937 659 -856 -347 274 248 -260 -300 54 -1646 -327 987 579 1793 405 637 1072 -669 433 982 75 -138 -871 349 -288 -254 230 -158 23 437 858 16 286 627 -114 -1416 -148 -524 706 366 -320 216 -8 0]
[329 -610 457 600 -187 737 -140 181 -7 60 -357 1265 -582 -201 -1620 -761 1139 499 -685 -424 51 -21 -880 1453 25 100 716 -658 0 -549 -599 95 -993 384 188 614 -206 866 -372 -304 -413 -464 1233 -227 -837 863 745 -358 349 375 212 574 55 -658 -200 -774 653 1133 -60 249 552 76 -669 1541 -338 -22 538 -235 -630 152 -172 -17 485 -467 609 57 180 10]
[169 588 58 66 -1172 -21 815 385 1063 -296 -309 -21 1548 278 1085 -834 -171 33 336 256 -126 369 -535 -284 -243 90 340 256 460 612 191 1309 141 353 -131 174 -36 299 -704 -450 -481 1050 -949 142 714 -911 -430 750 52 446 520 -615 203 69 -757 -25 -529 -860 -375 504 614 -256 -303 -578 5 -1498 208 178 115 136 95 -1031 -367 -168 13 -333 -6 0]
[-464 -228 -172 449 -4 605 -715 -250 -105 723 1045 91 -848 -1251 -1207 -48 -430 286 97 435 95 -991 263 -582 1596 249 751 1723 482 -687 -593 1002 -169 409 381 -918 1079 590 -273 -518 388 350 -178 -251 607 42 -349 479 410 -143 -112 -312 -84 -467 354 256 542 808 806 45 -1273 -294 567 -1619 643 1053 -353 -1031 65 -640 971 5 36 59 671 149 12 0]
[103 358 -845 -265 130 -202 -814 -1224 -698 -692 332 -504 -212 652 120 881 -360 667 1727 279 -136 467 -93 -204 -800 297 -210 -435 304 1281 -150 -103 -165 35 -850 938 110 -14 -453 1052 818 -112 -1719 -277 1074 843 -931 97 606 -356 -187 -754 -812 1370 1015 -1168 857 502 -681 68 -846 76 -1004 -1274 -734 473 -1187 -541 360 -591 763 460 392 401 -55 115 305 9]
[-35 -145 132 -216 436 -511 -353 882 -635 870 -67 625 -1048 85 -259 407 -673 -451 -975 -426 -753 652 122 -558 -1196 -11 -888 -302 799 62 -422 118 -586 -40 585 466 258 -163 162 55 107 1121 962 -275 852 -77 -11 -1569 969 -393 -341 -471 -161 1138 -454 -788 1000 116 234 -164 -862 -443 30 664 -10 1357 -283 366 -1075 -327 31 -273 -695 567 466 320 -300 -9]
[-853 -586 437 181 -625 827 71 -551 -796 -62 408 1128 -63 -197 -796 -288 1280 685 -1322 -1533 -779 181 -17 751 667 436 1364 1016 1049 -395 -475 1076 -523 28 80 -720 393 307 -857 -582 -325 -128 725 1106 -36 -1091 589 -429 56 -379 -372 -308 821 -807 15 -206 325 103 -613 665 708 -328 526 20 -220 204 903 -719 -1115 139 280 -139 -147 -593 536 -82 9 0]
[-407 278 208 -98 -288 -921 -960 959 490 157 -254 -655 11 343 -94 -224 1002 -949 1198 -70 -1507 -609 93 -1488 -158 -471 -245 837 205 323 -325 837 -524 711 1148 -442 492 111 247 467 350 236 522 568 652 664 -149 -250 -862 198 259 -177 529 227 221 155 1379 -126 1068 -153 -707 -680 -724 -705 300 -561 -314 85 33 -319 691 301 -262 127 713 -124 126 -1]
[284 279 -425 464 -1437 -750 -200 -292 -399 -1608 149 1052 -696 -474 -416 -334 793 -743 -258 305 553 -362 -927 -662 26 -180 -335 -785 373 819 156 -126 659 166 21 -477 -1077 -588 218 171 -626 -307 112 -266 525 -13 -467 452 57 292 -39 -181 -448 -34 -443 -57 -841 218 -48 -257 -5 -273 779 32 -253 -485 1013 -720 1176 720 -1044 268 798 -112 -59 195 -127 1]
[-1001 -156 1155 -309 -345 99 1155 477 467 921 -3 1338 1087 -20 -382 -761 153 -535 -667 -52 -251 457 91 -344 -835 69 52 605 -27 -632 -700 367 -680 -602 -550 -91 -756 69 -291 -562 -796 235 220 359 404 -277 -179 -631 -92 211 948 -205 855 362 140 -413 304 -310 26 -20 474 448 401 430 -769 -259 -26 -2 -490 -288 -362 -679 311 190 -540 -43 -191 -10]
[-871 563 -228 -417 992 -32 1498 373 103 -34 -553 -481 1183 -195 572 170 -190 -295 448 -760 226 -54 719 469 376 10 586 515 -463 -974 -767 -211 967 1072 588 29 -4 -873 628 181 -141 662 -527 781 -433 -265 993 267 6 -17 -504 970 103 -221 -295 396 828 396 505 -669 -1086 -464 -164 -650 -815 842 -725 73 -504 -267 146 -581 -220 -301 -659 -3 -13 0]
[512 -738 -154 137 -895 310 -384 -1438 -758 1054 -15 -428 -859 1364 -254 808 348 440 15 936 801 666 -171 -905 -1599 1008 1303 -1382 670 603 -706 -1072 -1174 763 3 -120 331 -888 603 -534 460 -148 283 -932 255 785 -545 -214 -1401 325 -535 -185 -227 373 -578 -226 379 975 1081 -128 667 -103 -231 810 852 -275 -305 -29 486 -568 -717 1041 434 522 -121 -98 -466 -19]
[-28 -1336 -57 -410 -7 26 -834 425 -10 -378 -497 1182 -1176 -204 -856 363 -293 381 425 -90 1025 -258 -195 1486 13 235 -274 -994 -503 697 1100 -313 -1240 -439 -60 -644 -740 -13 658 720 357 79 619 -1646 -476 1530 910 136 585 633 522 -191 -938 -116 162 -870 -253 516 424 -761 -171 -746 12 1060 565 721 293 407 -581 124 -476 217 705 210 410 29 -109 1]
[-93 402 671 513 -1048 -235 532 -1036 -505 819 -89 244 -568 682 223 86 -159 -157 142 -8 -193 -95 959 -242 -1205 927 1510 253 691 458 -575 381 -544 1361 -12 -317 783 -545 -53 -756 265 476 221 534 283 -1075 114 253 -313 -816 5 -188 219 -196 -120 -754 762 685 784 483 649 -671 40 -238 243 -123 -222 -442 -649 -139 -114 688 -160 46 146 -207 -165 -10]
[589 -111 -86 -81 -1623 -683 -243 -1547 -552 122 -475 764 703 268 -108 360 -304 -694 41 357 676 720 -103 -1039 -1002 981 761 -519 -17 -19 -1077 261 -96 567 620 -192 -931 123 -181 340 -1104 439 -406 675 -16 -797 -940 -530 411 293 292 -692 703 -86 -19 -281 317 -235 -78 -82 529 17 389 -191 -40 477 474 -770 710 413 -397 -30 682 96 -522 -128 -292 -9]
[225 -127 716 558 -286 66 -443 -697 -162 -570 26 -164 -225 1740 1140 140 498 -30 482 728 558 152 501 -422 -322 410 -734 -54 -61 69 824 -414 413 -473 -1241 -1539 197 574 -97 354 148 -931 -136 -141 77 533 -403 1665 -950 158 68 34 -638 -504 101 180 -1411 210 472 -432 486 22 578 220 1003 -242 598 -749 225 106 -113 392 546 -271 -130 -549 106 -1]
[452 -176 -333 170 682 -481 -278 1231 -299 245 700 -593 -221 41 647 -204 -293 -1083 1281 106 459 -917 -858 -508 292 -79 -317 365 -171 306 972 25 259 751 331 -229 496 430 -363 -424 1116 -527 -128 -748 735 318 -1023 1341 -119 1366 -642 -340 -670 474 -797 -1114 -92 -574 1676 -202 -405 -7 -62 -367 310 -193 -167 -622 -158 -333 327 231 -101 69 846 2 183 10]
[-241 330 -909 -651 365 -24 -892 -616 -1221 150 -1250 -162 879 -559 674 860 -556 -156 -431 -1073 -271 924 58 91 1271 740 1313 732 -1136 -709 -1068 -838 565 796 1550 -510 -412 117 231 321 604 -646 -469 493 -543 -319 63 347 257 1168 513 -1039 92 -551 -432 350 769 -647 -573 -152 26 -171 674 21 218 1220 -260 -637 -21 -506 769 -26 298 -118 -374 142 142 10]
[22 -84 390 5 -927 -490 118 -88 158 -532 369 199 885 -30 -365 -1447 217 184 -515 291 -595 358 429 -1133 1182 -477 -306 540 -112 -1046 -527 393 -306 -883 162 -351 223 1317 -746 -459 219 -56 -356 257 181 87 537 -1389 -158 567 56 32 -1066 -414 490 96 496 157 -166 89 525 219 626 -764 -439 20 -13 -242 833 1367 354 -758 203 342 352 -388 113 -1]
[-174 63 -743 -190 -805 -834 -505 -1578 -1050 -358 22 -1339 -176 -1059 143 464 -442 -483 -740 76 -301 287 495 -1180 993 -13 188 -458 292 357 -171 -265 -14 25 1294 -1168 -804 -807 581 157 206 921 996 221 259 -338 100 -572 -184 -142 -440 233 1095 -302 385 681 728 -226 -147 602 134 -1205 892 -187 -1553 527 -551 -397 601 546 -107 -115 228 376 -908 150 -197 -10]
[-854 387 361 797 611 828 -577 203 -302 760 359 844 -143 -270 504 1511 -294 -411 417 -823 127 -653 -559 586 -1205 113 -191 563 -15 801 161 -74 410 393 273 -80 429 -283 -141 116 -502 -116 173 -350 554 193 -341 1788 327 -595 1147 -236 547 -585 113 -351 -820 -1233 76 -448 -636 -174 -1011 875 1125 -19 -257 -485 -1098 -1053 399 612 207 -708 396 221 180 10]
[811 -384 1654 944 -482 353 527 10 -371 -296 -178 229 -1589 7 -204 -946 176 -129 -438 239 29 565 597 -675 -1460 430 -360 -841 741 727 -45 -326 -802 18 -1080 -153 1045 -529 -433 -475 562 174 639 37 222 10 -727 767 116 -118 445 296 -456 -123 667 -903 -418 919 538 288 450 867 -212 1375 -166 -863 448 -484 -647 -215 114 -92 -277 194 559 140 65 0]
[361 -878 -187 99 1287 101 436 985 -331 297 -326 415 378 -560 -810 221 -703 999 -981 -450 -946 -218 261 505 559 -675 -1366 -831 441 38 223 -9 554 -1000 -880 637 54 -768 98 728 261 -544 368 91 49 -470 325 -463 596 -738 312 171 141 124 -240 -255 -469 -427 -588 -148 -538 479 422 -28 -226 27 612 853 -686 189 -66 101 -853 -281 -109 -360 -188 -10]
[997 789 -485 -85 -537 -542 -602 118 -213 698 -1149 -542 -979 -215 103 161 -10 -1417 -204 -291 114 -528 -354 -764 -929 425 853 257 -171 -83 -67 -1211 -41 820 -108 -184 -468 -628 -297 -306 376 -629 528 207 -32 576 -894 559 -961 523 516 -756 195 358 -642 202 363 -298 -96 133 713 -94 359 468 869 -525 -215 -249 4 -1379 -156 644 97 -172 47 272 -152 -4]
[555 -1264 -255 17 650 120 -829 -41 -349 -930 75 -599 -196 -238 -965 -309 -47 597 -269 -49 -1342 -98 89 364 1353 -683 -1364 -590 117 220 13 -105 -612 -211 494 -413 -21 751 -479 899 986 -278 498 368 -843 1320 158 -170 827 471 53 363 -214 -274 52 -195 383 801 -592 468 -1025 -197 169 145 -852 780 148 91 386 793 747 28 97 118 68 -325 -16 6]
[319 262 852 -126 -715 -830 -329 -67 6 -385 -160 197 326 945 454 1033 -820 -820 1453 1879 1288 -327 190 -880 -905 237 -712 -1132 -475 491 681 -706 -741 -574 -598 -219 -893 -310 592 1071 542 -583 -884 -1110 -235 1332 -220 1308 -521 1672 1103 -401 -514 938 719 -888 -570 -81 262 -478 853 810 228 604 338 -492 171 -420 564 -595 -794 522 1021 -134 -370 248 -128 -5]
[97 42 210 -161 17 -691 676 356 41 1193 122 968 -8 483 -220 -702 14 -871 -429 170 383 -535 355 -1209 -810 543 -276 1101 -51 -985 113 -635 0 266 -774 23 -286 144 434 -670 168 169 -91 -186 902 236 -697 214 -416 1039 375 321 -268 989 17 247 -598 -272 -602 367 -15 22 233 479 -187 -184 -206 418 485 -1051 -316 -817 -77 988 -576 439 -47 0]
[810 188 1061 300 58 353 -567 99 240 -270 -568 812 438 480 895 941 -301 291 -653 -162 228 816 -74 346 85 318 -56 -1159 -949 -446 -314 -1549 -9 -342 -700 -535 -64 -242 -195 6 499 -575 365 543 -174 273 -50 -585 666 134 -120 210 -843 -446 -57 -464 -262 164 -605 -464 718 186 206 918 -611 -50 -148 -101 47 491 -629 -531 479 -437 -268 -54 -30 0]
[-135 420 114 1387 -216 -102 849 -524 -565 -1136 426 -549 -1389 -858 -184 -277 159 -158 -455 -504 483 -66 594 -358 477 236 551 51 658 1084 53 126 936 786 809 -533 78 -82 -397 23 -21 573 185 -32 271 -716 348 412 960 -49 -713 703 -14 -1120 3 138 -98 528 1217 -79 285 -652 635 -339 -426 179 1130 -511 819 1122 -492 -506 429 35 104 -167 168 26]
[193 -1290 757 111 -108 1190 -77 -275 -480 -203 -629 783 1058 1315 944 534 1304 874 9 -933 403 542 -638 691 -971 298 -250 -563 -418 455 -559 -372 21 331 -580 -347 340 -291 266 419 -434 -280 242 481 956 -248 -1097 709 424 415 278 -465 -1164 -263 46 -344 -707 -378 325 -819 226 -662 -1357 1001 -279 -524 314 19 -257 326 -189 -546 311 219 -300 -305 -16 0]
[-237 -1230 -97 712 496 508 -168 -543 667 -541 705 -529 -563 508 -541 -810 892 958 7 40 -598 38 -476 -908 -824 136 -564 -384 646 -894 -441 646 -1041 -242 603 -376 716 791 -29 -134 129 -335 721 59 -725 210 -300 -2226 305 -128 -373 -328 -642 -60 435 233 11 14 -633 646 172 139 -944 40 -416 1178 1286 807 -76 469 978 -870 -776 579 259 201 -247 -27]
[-111 -256 584 500 -409 553 913 -936 -918 -215 -267 -198 55 72 138 87 -384 -45 338 529 -144 861 58 -682 927 528 523 379 237 -360 -668 354 206 1493 505 -520 572 -102 -479 -1062 154 567 -622 4 451 -959 -980 131 1072 819 3 -618 207 -234 238 -726 329 382 -10 1215 -878 -106 321 -439 -1577 232 113 -900 -15 894 -229 -985 -7 -152 -255 -315 -190 -32]
[888 151 -314 -208 623 -290 -26 118 -726 -512 -26 -676 -801 -30 246 131 -336 -1060 852 -45 748 519 -645 -1317 -419 411 -160 -325 367 906 -170 -1061 825 982 384 1315 1309 -309 375 -275 623 -502 -454 -878 221 -101 -121 759 422 977 -807 489 -857 490 158 -750 686 273 242 -23 -179 752 -262 -730 661 152 -636 -418 -184 -884 676 -64 -477 567 727 264 533 38]
[391 511 -1148 -198 657 -84 115 -394 -216 563 608 -7 -158 19 -990 -666 428 618 -594 -383 -486 -36 -586 373 -398 -356 873 -479 -139 183 -1059 -581 -722 106 792 906 -691 323 320 -591 41 -402 841 -450 -113 322 70 -1808 -336 0 73 797 -824 214 -1052 -857 1089 1268 -694 -481 -39 -212 645 450 -547 991 -425 554 290 432 429 85 -229 496 203 52 35 3]
[-295 -297 846 -94 669 109 529 1368 1149 271 114 156 296 70 -267 -808 29 -893 -516 275 374 -988 455 -348 -80 -66 -637 823 -403 -581 208 111 -175 -331 228 -440 238 974 392 -56 475 -474 356 -461 -79 180 918 420 -116 1003 981 188 -90 -236 -522 -75 -371 332 732 -764 -23 51 702 161 1312 347 1180 960 27 -551 47 -336 254 147 229 -132 -365 14]
[792 -917 432 -263 609 631 -294 628 -698 649 -962 -97 -705 1865 248 -161 1143 1283 328 -408 119 -298 287 489 1572 297 700 -557 -862 -723 506 -304 270 600 70 528 830 231 231 315 -55 195 548 185 -726 -247 -546 264 -271 504 -1008 508 -682 23 -194 -609 -8 905 1436 -247 -791 -98 71 806 40 440 674 240 -654 318 -689 -405 -92 -911 71 -333 -41 10]
[-789 477 486 -281 140 -111 453 888 368 -330 745 -93 707 -320 -389 339 613 154 -111 -39 -279 60 -419 333 -237 -810 1057 647 -268 -244 0 583 -689 -1564 22 201 -601 -829 309 -539 -595 -219 37 -907 -53 -93 383 -705 -1184 383 171 364 666 -320 -617 174 -33 581 253 -903 909 723 242 -394 137 -845 -811 -394 -551 -280 -649 851 -77 -495 373 -145 256 25]
[230 314 234 561 -241 -333 408 770 -174 1794 -288 1438 -625 -1123 -805 -1389 -165 325 -1431 -126 -696 -664 691 39 1533 -315 7 -6 -137 234 241 -14 782 376 171 418 -745 217 -296 -737 -954 545 1388 99 -91 -1090 320 200 -73 -1013 131 346 624 -274 -855 -80 -787 -842 447 494 628 -288 1556 1447 93 -488 1219 276 212 515 -295 -419 -8 -163 -541 -6 123 44]
[-704 -548 293 -127 -122 255 904 283 330 -23 1242 147 646 -30 -853 -761 457 1102 -477 636 -855 159 333 289 429 -1217 -982 -350 -112 -451 -151 618 -385 -2421 -175 427 -434 -33 -452 426 -866 -172 -328 -529 -933 -55 -95 -1565 -815 -1268 77 1015 475 178 487 597 -643 368 -278 -266 378 1011 -12 244 -736 -217 175 650 -109 585 319 -145 -295 -318 -887 -389 140 -25]
[-351 -223 -381 590 1101 201 61 394 -759 -1514 866 876 -773 -175 -502 301 939 411 -15 -205 -458 -515 -612 -56 -412 -441 -1445 -621 645 464 -297 483 402 -1171 -140 830 -675 -498 -98 1518 -533 -1384 -143 -18 -1098 299 -326 -688 634 -138 -54 273 146 366 116 79 -980 309 -1378 150 -209 927 84 -21 -389 543 784 26 9 127 747 -204 -69 -455 -296 556 216 -29]
[-578 -533 778 -666 -1406 -587 1708 -957 -358 -119 -320 431 583 297 -93 27 -96 -563 -49 1078 732 1327 -190 -962 -351 281 -933 -1042 -59 -192 -234 -710 89 122 33 37 -1426 -786 713 -313 -1281 41 -575 -702 -438 -326 -229 41 -378 145 801 518 1311 97 499 393 -187 384 -450 112 111 481 582 778 -554 -181 535 -394 2 299 -912 8 515 -185 -1277 -115 -417 10]
[484 192 -553 -1102 1115 -318 -1042 802 -407 -257 -674 -1221 1228 246 139 1345 63 431 1374 -20 -697 363 12 45 1266 -11 227 168 -1163 -1659 174 281 429 -433 134 356 -340 64 144 786 -35 182 -279 1240 -885 -79 -60 -1109 -253 453 -586 -224 322 257 126 285 515 -695 -22 -324 -21 653 -188 -180 507 200 289 -915 -1143 -614 374 1175 -1092 -867 262 120 422 9]
[-395 -890 -39 133 790 139 -141 872 -64 -838 -195 970 -617 -69 -420 532 465 -121 235 -119 714 -696 -813 875 -810 -311 -342 -867 -259 -267 458 -394 -686 -606 -91 96 -890 -1239 696 296 -45 -1025 574 -773 -1227 555 -328 -830 47 491 -158 -216 -831 211 76 -227 -732 45 -506 -473 -205 467 -747 1367 -350 -167 -137 800 -876 463 -555 613 -248 -264 221 559 -148 9]
[-724 646 -662 18 -672 -228 -328 879 1023 -61 -97 -853 -3 -83 797 -770 765 132 635 1 -623 -1146 505 -362 1784 -929 349 1233 -391 -643 246 515 268 555 287 -435 269 251 -318 -423 11 433 -420 953 117 -279 -366 41 -1122 -561 -913 -271 -858 -519 170 991 210 346 1028 169 -1307 -802 295 -1036 -260 -514 -222 284 1256 596 -66 -5 72 -193 235 103 222 -84]
[-669 407 -60 139 1507 189 -18 582 898 -494 439 -38 -376 -412 532 651 -674 317 439 532 500 -377 -333 -132 -449 -843 -146 171 104 899 278 549 -452 -93 944 151 -1021 -579 -614 874 -515 -489 37 -1202 -826 845 -99 -103 647 222 279 -779 -154 705 -287 125 224 480 -233 -905 -167 300 366 -816 652 1101 -949 380 14 381 808 -224 -214 176 676 -64 -55 78]
[985 526 -676 145 -736 -458 523 -318 -442 854 -21 343 65 -499 -254 148 -540 -667 -106 199 110 -862 -622 213 -1535 443 334 190 182 -206 -100 -35 150 -80 -354 1042 -711 734 -695 -618 -1052 -545 39 -127 -190 234 -749 15 -212 -210 979 -537 549 332 -138 238 133 -429 -272 -43 1066 265 -71 779 457 -502 -113 -848 570 -911 -125 988 311 -6 -53 265 155 -15]
[-946 414 1298 1266 -109 102 -881 232 204 1141 410 1307 -430 230 -8 -416 190 -844 -201 -662 -411 -848 144 346 -515 -446 1174 1785 -466 -430 -140 -559 -1706 89 208 -1060 318 1168 -396 -1710 1175 -342 716 -67 332 521 -313 135 -131 438 726 -771 -171 -725 214 -640 545 333 -365 69 -105 -356 -807 817 -200 -224 -1086 54 313 213 238 -65 597 138 849 -11 330 -14]
[-283 495 -459 950 685 -336 150 861 673 -896 297 262 -491 57 -662 -494 739 91 54 440 -740 -1492 -271 -1237 -56 -424 -841 516 896 -206 -520 941 124 378 682 833 -1000 584 -1281 1279 -1034 -229 2 277 -477 1313 456 -500 902 239 414 -41 243 1166 -526 307 634 315 -299 -3 297 -290 -603 200 -613 702 1274 -46 819 204 486 -344 149 -309 71 558 420 28]
[360 174 -243 -868 -122 -78 736 -883 -540 59 -361 -126 -105 460 215 424 -271 419 -697 315 666 758 129 606 396 758 217 -655 -82 -135 291 -485 956 1041 -667 323 -37 -1109 1096 -113 -246 395 224 196 388 -1484 217 414 62 -423 -397 340 768 109 68 -608 -298 45 -223 545 512 -585 780 -38 -330 -46 -318 -480 -931 -181 -1283 381 88 -80 -624 -314 -10 -41]
[586 -423 374 -347 -125 341 669 -819 -942 -955 -957 -599 313 417 409 -619 1049 382 -781 -1027 -26 1067 -757 621 267 335 965 -1064 -467 -291 -1019 -1083 183 639 837 20 -309 -239 1281 7 149 -708 1216 398 -467 -197 925 -226 190 885 -203 890 -829 -1269 -351 -66 941 2178 248 -890 829 -964 364 -46 -1411 267 490 -24 578 294 -247 -657 1192 -80 -254 -456 96 -20]
[-286 -320 -84 488 1067 -84 919 1228 -140 1021 370 409 -1419 -387 -300 41 -541 -805 102 -70 196 -1738 509 197 -681 520 -234 222 798 642 437 -374 -225 -23 -235 161 963 -320 -556 -707 606 48 707 -448 -51 546 -72 559 -362 -423 -11 -117 118 476 99 -489 -566 735 1461 -236 -1190 116 471 540 68 -124 -442 159 258 -665 -437 87 157 279 192 487 -28 68]
[-193 783 -484 355 -428 -754 -499 108 571 326 -414 1074 172 691 106 -169 199 -603 31 -554 14 416 -414 175 -1862 724 499 -273 536 531 -681 167 -546 682 -96 495 -794 1032 -511 216 571 260 -133 318 1012 289 -18 -325 597 -215 85 -1006 -118 817 -717 -1143 1019 -144 -494 -145 47 -341 -621 530 -340 559 -181 132 -33 -524 202 -383 432 639 139 421 -50 23]
[600 -685 -351 288 447 -135 644 47 394 -885 -822 -316 656 -300 283 -326 -981 300 -557 -4 -316 254 -489 -60 -389 -55 -1528 -911 897 891 887 -315 249 -687 -1059 577 -676 256 -786 487 398 -1027 -446 90 -284 156 -226 485 866 513 490 -542 -314 1134 -278 -198 -915 -831 -1914 1168 898 376 241 584 -621 -700 1273 637 236 359 427 -236 -824 319 -489 -124 -16 -137]
[-934 321 21 -636 -581 188 1185 -1413 230 304 56 -1150 1077 1056 1307 60 -548 -39 -212 113 701 1112 -184 -824 -1217 1230 755 915 213 -714 -110 -103 -11 212 -274 -282 366 409 307 -993 205 278 -1268 645 210 -675 -135 663 -113 235 465 -381 381 316 55 653 -151 -611 -67 95 395 12 -699 -820 377 260 455 -36 164 -902 126 -97 152 962 -754 -33 -288 51]
[667 961 11 -193 169 -254 -348 361 -314 -282 -1171 1 -49 -696 254 -120 -689 -187 8 -52 -252 558 223 -764 1089 317 452 226 479 -671 -110 53 -90 101 -872 97 -76 -16 -331 -104 691 309 -565 315 202 -91 825 266 296 435 -726 -65 -56 153 329 -266 433 918 -1759 1218 -281 292 352 -1094 -781 265 -669 -503 -502 -955 512 -902 -324 -535 256 270 672 -4]
[469 685 -6 457 -698 -928 64 451 -525 49 -20 622 -311 -506 -243 -570 -167 -741 -436 615 641 -731 -100 -1066 1106 174 9 269 457 83 -167 1718 585 152 -153 153 -631 133 -40 101 -911 888 120 -469 1002 -1162 564 -1 649 370 -77 153 504 6 -553 -480 170 587 392 94 817 -551 799 -1164 544 468 915 -972 -310 -634 -434 -811 -50 -496 -12 -13 303 -36]
[288 -63 -171 -851 1211 -31 1229 -353 -395 484 382 -359 -90 446 -252 597 -612 616 -373 -154 87 660 -51 2093 -1208 -740 -21 -645 246 728 127 -903 -551 -1435 -221 745 -183 154 399 67 433 -830 465 -1200 -533 881 578 -448 -510 -747 -374 205 -568 448 -309 -554 333 1215 -726 -1008 15 136 904 189 117 160 -1245 487 -80 -246 375 764 -74 726 155 -391 -72 -162]
[188 470 345 -54 -929 -194 31 -1008 472 571 -417 -1139 1337 91 670 484 -911 -327 50 1474 -181 1237 303 -471 354 51 -20 95 -14 187 -844 219 274 36 119 -875 46 690 -89 -1123 -436 941 -21 615 274 -831 501 541 -240 -1611 -360 33 583 -1477 -331 446 -308 -280 292 -615 356 -220 539 -889 579 -173 139 -767 539 -81 313 677 -256 -109 -183 -379 132 45]
[9 -341 72 -596 77 -58 44 -609 -131 -595 84 -1129 -495 1742 1331 -427 857 318 167 270 -647 49 611 -1104 -830 -232 -956 262 -447 -460 -262 -459 -376 -430 412 -115 1211 -2 522 -90 671 97 -253 278 558 -283 -1049 -1235 -413 -64 380 -632 -1753 1286 567 161 -140 475 289 -55 -462 -838 -534 -398 137 -2 -472 900 311 947 267 -347 -572 1215 -356 -28 -378 89]
]