[[681 46 573 -29 181 -101 89 -83 -642 -313 -204 -660 -439 717 747 52 -820 36 139 97 125 -28 -446 -158 -291 -72 546 -61 -145 936 -578 292 139 -777 373 86 1255 71 232 -208 348 -430 246 -670 726 -570 27 238 689 -582 379 509 13 5 377 460 236 299 632 -923 81 223 -658 -730 1317 -746 302 -231 846 160 59 -33 0]
[268 -547 709 350 -484 -337 -270 451 830 725 -350 -26 -320 -410 441 67 500 -590 501 236 529 87 -57 -606 69 451 -131 273 505 -1374 230 316 248 658 -115 -100 -257 316 -918 792 500 520 -14 250 277 158 -627 -138 71 370 -1723 -294 -673 -705 -1288 -841 -746 -487 583 960 1470 195 289 80 -821 420 -145 -64 -434 3 -107 33 0]
[1141 -814 -713 -198 336 -121 -1014 2 90 338 -278 1463 -141 -452 815 -93 269 201 -217 239 515 423 -674 167 -416 1022 521 736 -597 -1860 -68 -248 388 421 -220 276 124 -344 -350 250 232 -246 554 380 620 -185 411 570 -244 -456 -610 -879 -688 -613 -684 -300 518 -1432 543 21 687 273 735 -447 -255 -150 -121 -325 -148 128 31 0 0]
[-384 427 115 -672 149 -212 8 2 -928 110 314 -842 27 1334 11 179 -153 450 -319 365 -638 418 726 507 6 -1192 548 68 -148 1462 -234 -347 134 624 -40 66 519 1179 -467 545 89 449 180 -1059 -532 -791 535 -22 995 -29 -110 1144 -331 -101 211 -223 -225 369 -746 606 312 -126 -1083 -921 888 512 381 -60 405 35 -49 0 0]
[-130 710 384 547 657 882 -538 -438 195 -9 705 635 -52 10 391 332 708 -515 -16 1069 -464 77 -338 364 277 -93 770 23 353 -186 -208 511 -64 570 430 -58 822 -565 -405 -124 409 97 -719 1373 189 -1222 -368 -93 -702 1146 -663 -1059 -679 -6 -699 255 580 -661 1152 -136 1138 -5 894 -263 -782 -128 724 91 -98 0 0 0 0]
[147 -48 -152 -157 -73 746 -233 -1070 -165 -5 587 -794 -1018 2 -463 -1255 -489 -76 -367 1249 -637 118 1096 822 -60 -740 450 465 -346 228 295 -319 -47 -49 227 839 686 671 -851 -259 283 402 -735 1281 99 -412 683 -388 716 801 415 -90 -286 -452 451 975 843 -807 -43 -179 369 297 -415 -773 -243 393 750 -175 170 -29 0 0 0]
[-177 -265 -445 -539 -1443 1317 -871 -583 -931 -111 176 1340 776 -571 231 -573 -344 592 -505 1765 481 400 348 1167 -351 -743 -283 -33 303 -1065 -171 -869 157 913 -154 354 -525 -404 -381 413 581 -55 -445 688 -267 -1136 115 252 -320 1109 -101 -321 -734 -943 -104 -278 -408 -1131 389 857 865 -271 706 356 -315 712 604 320 -490 -131 -108 33 0]
[-186 -763 -673 -800 1110 -823 -564 -1114 -256 55 -644 -8 -1305 342 261 -86 13 579 -90 -95 -558 115 -769 -23 -813 269 880 1079 -1137 -198 298 879 -78 15 335 -576 552 1268 -585 -1001 24 587 303 492 340 -1149 237 508 911 -976 -1267 -659 -907 169 -803 -211 887 -835 172 333 -701 535 -610 -309 488 -214 632 -441 -5 99 1 0 0]
[766 989 -346 494 1452 -342 78 120 -5 407 617 1019 538 597 570 -464 1092 365 -237 109 481 656 -155 -258 1049 785 1450 1042 -963 1132 -869 1 386 745 511 -722 996 363 516 645 387 -126 1676 -485 357 -978 1017 468 218 -1043 31 371 15 -427 -707 -1163 764 305 38 -749 1366 -339 790 -1760 80 221 -710 -432 597 195 119 -33 0]
[742 176 -676 78 206 -1067 -816 -297 910 835 -1011 -402 -660 -171 -427 -1567 1094 -605 -157 975 32 -634 -692 -664 -139 -118 -487 1606 -385 -1272 1103 550 86 -41 649 -262 -528 849 200 -509 -469 442 547 1552 122 50 1293 34 1166 -1135 -713 -1084 393 -655 92 -452 461 -646 -227 -487 -190 -207 958 -37 -743 522 -1266 -666 -236 70 80 0 0]
[-93 951 -304 -663 759 -385 -1000 -511 135 -355 -545 407 -482 240 309 12 -309 252 355 695 -225 -677 -700 -118 279 315 -159 1037 -502 -380 1231 825 -390 -293 276 -537 1166 -219 -440 -371 336 961 1275 1515 113 -283 734 -117 264 -1402 -2085 -609 -132 46 -232 -410 69 -158 683 -200 549 581 1019 -501 -162 -144 -499 -539 -209 128 31 0 0]
[-10 -76 -588 -557 489 380 -840 -716 90 -967 -471 997 -262 189 629 -76 -800 850 415 -463 189 156 -203 620 -247 987 1161 438 107 294 -46 326 -796 -1220 -414 188 216 -189 759 -1136 -414 341 206 1005 97 146 -509 223 -574 258 -743 -256 -508 201 674 1469 1146 -130 830 -374 -287 1744 -542 -722 696 -1386 -199 -246 214 253 139 -33 0]
[111 121 1018 133 -821 258 1003 -532 185 -173 1271 -277 -91 -1350 -336 -952 50 -463 -167 998 418 233 232 -217 -1313 -735 -981 156 22 662 -541 -441 1299 76 744 76 365 705 -80 548 295 316 -592 -232 405 -686 153 -51 1104 555 322 -122 61 -133 -1235 199 -171 22 736 -57 608 -579 -599 -117 -280 190 1344 -270 338 -157 -31 0 0]
[-666 -104 -454 55 949 -1384 293 973 292 -305 105 -811 155 -688 -639 884 1465 -1403 -166 -23 -871 -366 -997 -820 -833 -595 -899 149 99 -263 -208 -119 403 142 -43 -1030 -654 106 -22 -757 -1330 -28 -1523 -707 -991 271 143 733 -35 -600 80 -432 329 1753 -410 -845 -517 -190 -742 385 -640 -797 -122 -186 -381 197 112 9 -152 -58 19 0 0]
[-1799 619 -1005 -724 889 -514 -856 -911 115 -1228 365 1013 51 -605 -612 321 742 795 258 -416 -114 683 380 -259 488 94 421 345 -301 913 -452 -835 -523 249 -120 -1540 -182 662 -66 -115 -163 802 -150 -517 -700 -528 -97 139 -731 -553 -46 45 -785 1065 -1150 -1062 107 1177 -987 971 -663 273 -376 310 -963 222 -23 709 253 -250 -2 0 0]
[125 -55 -248 1336 -22 -452 1144 265 97 439 692 1160 10 -343 51 962 383 -659 -90 90 810 109 -1176 -871 787 922 -31 127 -72 -202 -617 451 1264 205 357 -256 675 -196 -20 115 383 -719 302 144 191 -893 377 943 -545 -1340 192 -295 -153 552 -561 -887 725 -223 704 -730 1068 -85 746 -926 325 685 588 -502 -80 0 0 0 0]
[-91 1136 1003 344 -839 498 756 -204 -557 -1331 1106 210 1017 594 -610 1588 -1351 311 -626 -27 -660 -113 321 914 -46 -775 -1251 -1065 702 983 216 -100 703 -200 338 486 618 -240 210 722 367 -212 -584 -397 -1060 -363 -87 -831 -748 196 310 -251 412 276 1070 542 58 328 782 -532 21 13 -330 -520 291 -355 1599 59 466 -355 -56 0 0]
[-603 -15 -619 -128 242 -218 1071 -647 -617 -432 33 1121 635 118 -863 854 -871 1272 -447 -1114 789 -449 -122 485 -680 653 -495 467 -1337 150 1057 127 802 -466 94 187 -266 689 -151 -135 -69 325 863 252 -520 -507 -310 487 -709 -899 -616 -367 42 304 -194 -1004 -525 145 499 82 -448 454 -67 121 238 110 456 -239 -851 -323 28 33 0]
[1 -1026 830 -42 -1468 -335 -497 -131 40 121 -303 48 -1576 -166 -663 375 -820 426 467 -1090 -76 242 670 -42 544 972 -1128 -489 -31 -1764 595 -175 -595 58 -605 36 -138 387 -1124 1480 687 289 511 116 -168 1356 -714 -122 256 -666 -1113 -201 -382 -782 -121 552 -89 -611 -77 296 -76 648 -770 627 -491 29 813 -448 283 100 -248 33 0]
[400 255 -482 -645 -856 -785 301 458 135 -412 -122 -271 -775 341 -172 351 402 -898 -531 157 -697 -589 103 651 -515 244 -830 367 -38 -324 536 -137 189 -790 144 390 -32 -103 -151 -799 -863 -666 -57 892 -495 1129 1011 718 717 -1386 711 -393 727 643 1095 734 1102 -998 -520 -1305 -589 -301 -254 -1159 858 85 497 -854 192 381 22 -33 0]
[-234 -271 -160 -154 237 -443 -995 -122 -132 331 -182 283 -386 40 -263 218 761 352 255 582 -355 -371 -1275 -480 -477 -502 -117 744 684 275 -374 -329 -102 4 -326 385 92 220 824 379 -1226 193 532 430 -59 195 422 169 550 -790 -35 -574 291 -26 154 881 1036 141 -110 335 122 591 -609 -429 -72 -244 -672 -536 423 116 158 -33 0]
[-795 415 607 12 -1309 77 22 -460 -544 -283 -809 -1188 -521 -157 -684 -1120 -1775 255 491 131 499 -702 579 -227 -564 -465 -983 -287 -404 153 719 286 -190 -1419 733 143 50 513 163 -909 228 113 64 627 -10 -371 -177 -189 604 -962 531 -7 366 620 629 479 -915 996 3 -1684 -226 158 -312 1499 819 -129 -267 -86 115 381 -132 33 0]
[-351 829 1592 135 1046 -257 -587 376 228 -778 -342 -1167 -68 -414 284 458 451 -1083 672 -21 -632 -193 -746 -251 -1191 -563 285 -478 256 -360 -502 1077 -451 -465 533 -654 554 -24 157 -727 -704 -271 -1241 662 228 -468 -575 134 418 580 318 -684 234 1589 -554 503 30 162 867 -691 40 -395 -111 73 -168 -1341 305 379 541 115 -187 3 0]
[-445 822 -1196 -533 1388 -392 -1448 786 594 -274 480 -169 263 633 279 869 247 20 25 -672 -1136 262 7 -137 750 201 1042 -19 489 611 311 -931 -758 -22 -810 136 398 -1164 -345 316 -688 259 332 -765 -608 572 159 -500 -1275 384 -118 277 -242 296 565 -205 -495 367 -1253 253 -95 -209 431 -481 -391 61 -1098 523 -12 468 214 -32 0]
[1088 -786 434 142 781 -660 29 -421 337 637 -626 -755 -904 -1365 420 -1085 214 -549 128 805 654 307 -553 -246 -1330 234 -87 535 -1331 -1157 -56 1262 515 255 604 -257 -468 338 -418 -937 -62 -289 -795 493 1227 -393 277 173 340 -480 69 -1090 201 618 -797 -914 4 -1176 976 -215 -270 -42 311 681 -605 -209 -238 -307 -121 -32 -170 32 0]
[274 -307 324 -5 -915 -93 582 -334 988 418 -390 -1010 -93 650 18 -162 -102 -557 -295 54 -545 -1129 140 -27 1043 -209 -1320 51 639 -31 903 539 220 51 1004 -275 -208 -780 -420 -356 1304 241 635 1131 375 835 306 -1261 428 -457 37 -464 68 -712 357 28 -100 263 391 -635 -359 -363 1101 636 -349 823 -10 559 -527 -535 223 -36 0]
[-115 7 273 1009 345 1296 234 -389 -348 -411 706 711 -196 -380 -1411 458 -302 -344 262 -974 -321 -81 883 65 9 -53 -688 -559 -286 -603 839 -1021 127 -547 79 1330 956 -197 -140 1447 12 -215 -633 606 476 1130 -137 -609 -945 524 950 -698 683 -620 539 1254 776 -193 -38 -271 -460 382 -256 405 -1880 -409 1098 -236 636 -680 130 0 0]
[342 178 12 -227 -86 185 -747 -1199 601 87 1446 1161 -194 385 -459 635 1085 558 -971 -400 -790 616 695 1226 -488 494 67 -131 518 -20 -718 -1169 492 1053 296 473 -883 690 222 -286 159 -240 -770 737 -747 -60 -97 179 -238 547 502 -1203 -1118 -54 -889 1145 918 -372 56 -29 -400 179 -744 562 -811 49 896 108 414 -438 49 -37 0]
[558 -662 -821 -332 105 -544 120 -569 -29 -759 679 310 -718 -321 -95 21 -574 805 308 546 -323 301 -279 -462 698 719 -135 840 -359 161 -174 -829 202 -9 146 -506 1214 312 -184 171 284 -26 660 -187 13 -168 745 297 253 -2490 -926 364 425 -147 -748 -1287 237 -338 -409 241 489 602 -408 -1540 -159 -19 331 -299 1161 -243 37 -33 0]
[-668 364 -142 -509 -1277 -408 -720 383 -1175 359 -1628 -580 -50 1629 134 -176 -319 201 556 443 879 -158 530 -47 -460 -536 -140 86 335 1249 313 -962 -295 -599 116 231 -549 770 143 932 -195 256 146 -813 747 -388 -241 699 826 -313 120 989 -181 -508 695 641 -874 880 -409 -330 -262 173 -1347 310 1664 647 -756 -311 313 362 410 -19 0]
[1671 -362 445 -597 -395 53 -587 632 17 709 108 -15 611 -426 1202 -526 383 565 49 -102 412 309 -1059 -759 -962 471 -182 -503 176 435 -1135 -305 780 319 322 116 -77 -1321 812 -159 774 -1366 1222 -1480 836 22 53 -64 132 -822 1747 -317 56 -530 -456 -661 -199 594 317 -813 -490 -1445 494 1638 -207 52 -949 409 209 302 116 -37 0]
[91 -1177 -704 -412 -1026 -197 -739 46 -364 -811 -573 1017 620 -281 -354 426 253 871 -365 -451 -216 322 -88 105 -785 771 -496 -15 651 -531 -1050 -969 -620 -360 -167 -1006 -1327 -65 659 -156 -530 -553 -651 -164 -1166 452 -781 889 -185 -122 816 -496 -254 45 -515 -748 -96 -171 -639 552 -705 -681 -673 -164 -41 229 -240 197 458 -164 183 -16 0]
[487 960 772 -901 220 -120 -2920 -148 -532 -611 -250 -288 -224 432 504 348 133 413 359 1080 -565 -118 -399 1160 -698 -639 529 361 -14 -1234 -11 315 -396 308 -62 367 264 130 145 -480 -151 -160 -193 924 -272 -323 -187 -151 -47 292 -740 -862 -243 -347 352 482 365 -698 304 -348 616 908 -57 156 -432 -1178 -212 139 545 193 -308 12 0]
[169 -293 320 -412 519 -575 -127 -39 -540 215 -332 660 -509 366 1181 568 236 359 -133 74 -364 300 -965 -322 -664 238 -457 270 -68 43 -310 87 314 558 235 -538 1018 354 59 680 70 575 474 -1113 522 -662 97 202 833 -1625 -1712 -836 -648 63 -1289 -153 165 -281 159 -52 155 -553 -713 -402 785 -220 1075 -705 1222 347 227 -52 0]
[-265 -761 -838 -786 407 -787 429 -228 28 -619 84 351 415 -772 227 504 -841 556 -171 -1213 -1066 843 360 1179 -1209 884 -443 -24 -783 183 -53 23 168 179 100 -288 -723 163 310 -944 -530 -345 -185 -1205 -372 9 213 142 333 -789 -518 11 167 524 -198 -68 154 -745 -1111 543 -1324 -627 -729 -343 713 -16 1296 -64 337 -9 73 -30 0]
[642 921 374 -27 -277 -88 -1519 47 833 493 443 1109 218 -1191 40 72 134 -550 -245 1126 -111 9 -445 -595 500 -585 -1247 -83 4 -1729 465 -139 862 864 159 311 605 -982 -667 407 949 265 745 749 -133 -699 1607 -515 79 -427 -369 -695 -906 222 -541 437 583 210 381 134 762 125 1806 792 -941 699 -353 349 -813 4 -168 33 0]
[224 330 287 803 241 -224 -81 438 1023 537 417 -1611 -614 -111 -126 -661 644 -905 -7 235 -217 -654 541 -854 487 -406 979 753 1093 189 -132 -323 25 -479 -431 622 638 711 -243 -82 -517 544 -1198 7 97 370 115 -33 391 938 -372 825 -41 -170 -79 474 -77 105 -818 -9 1013 359 -697 -1533 6 474 -661 44 515 313 -68 -32 0]
[130 217 -783 1464 -522 1186 244 -633 386 -523 1156 736 -333 -836 -1003 -1102 495 38 217 954 -14 552 1027 38 1604 865 205 -400 539 195 -631 -825 -293 190 -333 322 -333 -135 755 -698 200 -594 -1092 1151 -896 101 -89 269 -791 1001 564 406 -234 -415 963 627 1559 -361 -358 179 661 510 88 -605 -1119 141 426 93 372 64 258 -47 0]
[379 1508 709 1033 516 389 519 170 -11 1028 907 94 -460 893 -696 -492 810 -1038 304 2 -302 -38 741 -372 783 -518 -247 -85 -280 1054 302 64 422 -518 860 544 1025 20 323 712 327 624 523 1117 138 35 719 258 754 55 -528 384 77 94 798 800 -210 830 513 -997 951 819 433 -147 -564 217 -459 -893 313 10 274 -34 0]
[-329 1294 262 99 42 -365 -193 -494 -118 490 -539 -6 354 1780 -23 420 863 42 -645 -218 -962 -49 -8 1301 588 -951 739 12 888 663 69 756 -247 907 654 -272 -381 737 68 109 -131 20 -159 426 -404 -878 187 -225 732 329 -297 -490 -203 -684 577 -302 -63 288 75 135 -376 -662 241 -83 -99 579 315 165 101 -609 -293 -116 0]
[-8 -39 783 -176 -195 352 852 -1020 -644 -457 -187 447 -317 613 269 -832 -414 833 -479 -156 146 724 247 654 845 274 765 -49 -1008 181 -510 846 -661 916 659 -1593 664 1235 -19 11 1301 222 431 -18 514 -1222 -147 -15 1149 -83 -228 -5 -416 -742 -585 -115 897 -49 988 -210 -34 -197 -402 -243 700 -240 1509 167 349 127 -163 -98 3]
[18 -908 606 23 -397 980 693 -862 -431 417 785 -531 252 -346 -315 -619 -311 1151 -432 46 111 -230 317 176 -742 -912 -267 -242 -71 617 -416 -498 604 189 -28 921 -165 546 -67 268 722 296 -18 -692 33 -915 -583 -790 -269 231 462 -113 -436 138 -799 149 -767 560 361 367 456 19 -480 1265 -446 -292 511 783 -272 -672 -87 37 1]
[-555 -1027 -216 364 -220 -507 895 596 401 987 -333 -611 -776 1288 -269 979 668 815 405 -1297 -359 415 308 -354 341 1137 1098 -506 289 694 -62 48 -33 648 -666 618 -970 662 -722 224 -638 -393 425 -249 185 135 -1034 66 -483 -125 700 -96 -176 738 -540 -222 175 -113 -957 225 -481 -279 -1416 501 397 428 -126 159 -378 160 -6 -74 0]
[-505 372 -344 -984 -291 -14 -1037 -48 -95 -235 299 514 -89 213 263 293 -903 844 -438 -310 56 684 826 680 343 -452 -95 -854 559 134 -381 -673 -609 206 -952 713 -230 -390 -73 941 -54 540 195 -764 -148 1225 764 -874 -200 538 332 850 -414 396 883 761 -223 690 -733 238 -430 457 -559 532 484 -212 -538 219 360 534 210 11 -7]
[-153 700 -772 -81 198 -225 -757 54 -195 -58 -438 1155 488 -397 -487 324 264 302 97 -404 311 -257 92 592 -454 467 157 392 135 -328 521 -1617 10 -516 -524 1088 -133 -254 209 1053 -1303 -197 162 188 77 748 809 748 -254 -465 738 -517 662 -21 475 465 -189 -85 -972 249 1 -310 -170 -567 -560 322 -504 -607 323 -337 -44 -20 -3]
[-469 -177 -602 1441 828 646 803 51 378 510 836 610 -115 -1238 -1100 -204 697 -330 -233 -404 -354 -578 -425 -951 -352 918 591 759 -916 -436 524 200 520 270 183 277 720 183 -217 -173 -561 -314 3 1297 451 -703 -122 298 -1063 -87 657 -1235 249 360 -627 355 1673 -1192 459 -660 1113 -147 609 -557 -924 435 243 -773 -836 587 -126 94 6]
[900 224 597 -31 601 209 162 557 -298 221 -63 -1061 603 706 28 -1219 -456 784 279 144 360 -491 401 -311 -116 226 448 790 -519 637 475 -640 -88 59 228 294 678 1229 504 804 225 708 1090 -402 -299 258 -33 172 734 -682 -1328 664 340 -1530 124 -358 -1060 25 483 -391 1755 290 -391 -1327 -189 -89 -1153 -1009 656 499 209 202 -10]
[709 -66 575 18 226 -1004 -488 391 318 -160 -955 -1428 -1042 447 554 135 -260 -1103 531 -410 279 -77 -441 -105 90 649 449 14 80 -855 229 696 -829 -1272 -757 -89 312 -85 -625 -271 -534 244 -318 -444 51 952 -725 259 712 278 -732 550 -204 236 930 180 -1088 90 321 197 147 344 -264 -451 981 -894 -430 -177 -8 442 -89 17 21]
[-930 73 1096 31 -398 -643 320 385 747 -90 -798 -179 -73 541 673 1168 -426 517 848 -2178 -240 198 524 46 857 1021 7 -649 271 -73 547 1179 -1042 -96 -197 -253 -332 97 -85 677 -285 344 819 -656 -17 933 -1009 -660 -708 -878 -1734 374 196 571 -138 322 -24 963 -396 376 -298 831 -487 357 419 -828 321 116 272 76 -113 124 18]
[729 1422 439 834 371 -275 -299 217 865 -576 432 -880 -48 128 145 -381 404 -1057 -341 315 -548 -523 658 -462 4 -175 330 506 485 970 -403 -342 -161 -817 345 337 990 589 640 -685 -387 -235 -1133 -285 -441 347 670 -99 289 -4 -179 420 140 418 65 997 583 826 -120 -873 1179 286 -496 -1121 166 -1024 -527 -453 863 246 90 -99 18]
[6 471 -278 247 819 -297 332 -789 129 -1268 336 487 414 -949 -150 -115 -173 484 -455 -537 475 -367 -191 -596 -716 488 512 613 -907 327 -440 -505 435 -467 1114 -576 838 377 267 -374 -69 -493 51 -394 760 -1197 332 83 -360 -290 1268 6 364 682 -1613 -886 69 696 -334 -741 -620 -704 -108 -423 63 -850 195 385 760 -388 95 37 -21]
[-778 -344 87 446 -796 1029 38 -738 262 470 410 1257 -177 -544 124 -345 98 662 374 -432 704 483 10 -424 392 867 603 -416 959 27 -865 -15 -235 375 -218 449 -446 418 581 -286 484 -198 486 49 -5 -848 -799 434 -373 836 -360 208 -905 -529 -590 603 426 -99 178 197 254 200 -96 975 -52 -50 -30 83 83 493 74 -109 50]
[-1333 891 70 -476 428 -116 441 -199 -474 632 128 -311 110 1291 -576 913 515 200 -144 -863 -1003 68 357 140 -163 -686 226 -568 -464 1288 685 388 -188 913 690 -582 -247 423 -528 135 -253 -467 531 353 -33 -832 177 335 -109 -392 442 149 8 492 -41 -489 66 284 -298 429 -1437 -822 -74 1198 -79 909 535 14 -393 17 -224 87 -96]
[-178 -1749 -467 -58 86 -194 75 297 -421 457 -330 530 -71 21 1442 1166 -1008 406 210 -893 -512 638 -1028 -147 -1316 976 870 -18 328 381 -996 760 297 140 8 -124 614 -745 98 -964 -187 -477 836 -795 199 -496 -755 96 -125 -758 -1005 4 -1169 266 -495 -277 104 -837 655 728 860 418 -543 -679 1360 -393 622 -256 -32 233 227 -64 30]
[121 239 602 525 372 334 160 445 95 777 -164 -941 -312 518 55 773 1398 -815 -83 324 -1400 -27 -721 -112 -462 -474 -521 -898 9 -853 440 1325 -532 849 552 -423 -52 -372 -17 -1083 -264 -233 -1081 295 70 -378 -547 -361 361 685 -536 -901 39 496 -781 154 89 -384 41 412 -1178 -1431 144 1655 -494 -271 617 161 82 -158 40 14 95]
[1427 -628 15 2 -601 264 808 -1 576 476 669 135 832 946 589 306 -109 1065 -386 -317 264 740 227 976 99 930 943 426 643 821 -441 -4 901 328 2 1239 -184 839 742 138 695 -416 255 322 725 -48 615 -78 374 368 494 280 -80 -801 203 616 1126 -340 388 -493 361 388 -1276 -1442 757 584 342 -83 349 46 159 116 90]
[-757 -500 -458 -459 -606 309 40 426 -428 -1112 -839 1035 790 -972 127 514 -718 529 683 -1001 249 282 -222 137 -468 688 -78 -680 227 -655 -311 -395 -75 -533 -539 -499 -826 32 927 -898 -415 178 -1389 -429 -173 -442 -1307 1215 -973 176 -437 -148 -379 871 -98 622 -189 -290 -47 187 -896 748 -908 863 319 -706 561 342 4 -83 -35 -89 15]
[-383 196 -700 97 -306 677 -480 -250 -579 769 751 852 23 -30 241 -812 385 574 -632 775 133 842 345 268 764 -592 690 -96 -42 753 -877 -597 -62 788 -94 423 303 164 370 81 -326 -732 427 -364 -197 -1414 396 -90 121 119 1337 350 -221 -68 139 -284 646 664 -923 289 397 -950 31 317 63 597 -117 337 270 449 17 -13 -21]
[-1683 201 -468 -254 -147 -326 167 -311 -206 671 241 251 751 575 -701 832 -47 932 37 -299 -917 229 -469 -1 1196 -1054 -64 -754 -42 294 591 584 186 1418 -187 -469 -534 43 -277 317 312 327 -137 -519 -13 -1485 159 -570 -264 -42 243 224 108 649 -21 -751 173 664 -1122 1212 -1228 -188 289 1268 -63 1529 645 1405 -741 -364 22 -130 78]
[-156 441 150 -143 -603 -218 210 138 -266 -158 -912 81 1771 737 -640 395 -257 1453 -266 -908 306 -88 414 444 391 -122 -273 -580 627 1605 193 -529 -599 253 -407 91 -1574 -69 880 931 -522 -208 344 -739 -1001 357 -387 -578 -449 429 352 857 886 -555 1262 -726 -892 944 -135 1343 -606 -282 -81 216 91 108 -1290 342 -693 -389 -35 -34 -155]
[309 -754 139 -291 950 -668 346 167 394 -56 -125 -1255 260 -421 -1130 -444 450 -476 188 -627 -516 -645 380 423 -1099 -326 -782 866 -655 -968 979 -509 563 4 -394 529 -758 901 -743 567 -359 716 -364 91 -173 1240 93 -91 1235 -207 -1118 58 750 -117 -17 51 -714 -767 22 567 -161 280 -408 -529 -1191 354 -48 -97 -394 -598 25 -127 89]
[240 -1064 1518 483 -21 632 409 -279 -645 -427 724 -1106 -690 -164 19 501 -1247 -40 656 328 -348 -446 236 74 -245 70 40 -638 -402 -253 -737 -13 -252 247 275 163 898 438 -633 623 1078 -606 -750 -17 663 -338 -1090 -121 534 570 61 238 382 -339 -1519 223 -767 -501 763 -123 901 -76 -535 33 205 -908 894 36 377 -522 44 74 45]
[-154 -356 581 468 -143 -268 -320 -510 594 436 -1128 -674 -932 615 258 -633 -45 44 235 -107 -468 -648 690 -515 -329 402 713 1233 276 623 -194 1046 -678 -34 942 -714 36 943 -175 -1266 486 50 81 710 200 -279 -293 -700 539 87 -692 -318 -317 -875 -761 -594 94 68 -338 8 547 186 -470 -69 11 543 -410 -206 -68 230 15 -57 -4]
[241 -237 -167 -92 482 -369 -1022 -469 165 68 757 -109 -302 -287 -757 -104 -298 -146 -1340 32 -728 523 585 -288 1000 -650 -297 18 -337 -441 -429 -515 -125 932 -90 -307 207 193 -866 887 617 234 -53 -190 -1011 118 1583 -464 -159 -500 657 -83 -437 -44 532 -894 -176 -555 -709 -31 125 25 755 -722 -1241 1105 -350 84 63 -243 -272 59 38]
[-231 294 48 -313 584 -500 -34 218 309 -1355 59 107 549 -244 82 165 -650 -17 -116 -671 -511 -113 -919 -384 76 -104 241 -35 -47 74 -309 549 -624 -765 -93 -1320 779 -415 218 -182 266 671 303 -653 -865 -361 -103 53 136 -162 -800 352 -204 1070 326 -135 -258 700 913 -156 504 67 293 -928 443 -1359 70 322 59 389 34 -35 -52]
[73 1254 372 192 1327 -763 -20 -774 311 -601 -959 -427 -312 585 -355 777 -379 446 -74 -440 -352 -1211 -609 -1007 -24 34 -582 152 -476 981 574 1079 -684 -524 728 -964 1192 33 199 -487 316 -79 156 -18 471 -286 667 -550 257 -1672 38 -514 571 768 12 -956 82 1011 373 -561 -1324 -654 73 436 -8 -288 -962 -364 691 -312 -72 -72 -46]
[-553 102 -716 -30 -429 798 586 648 -479 376 307 1629 1762 -481 582 -643 401 886 -401 -1061 457 527 1528 997 205 1301 287 -204 -728 557 -585 -788 -229 1139 -482 -28 -1068 -832 829 15 341 -358 800 -1281 -422 377 81 653 -754 42 139 828 53 -365 6 -768 -580 -588 -919 131 852 -545 1192 620 117 727 -275 42 -681 452 17 -86 128]
[-352 635 226 69 1119 107 840 332 275 -1017 21 -967 769 397 -252 807 389 -197 -2 122 -318 -878 196 399 406 623 53 -105 -188 467 858 54 -224 1048 -298 -654 -169 -417 -734 -575 -142 414 -297 880 -386 506 -542 21 -573 728 -665 448 184 755 -527 -1048 -898 -185 366 845 332 -452 400 -498 -462 -58 -61 760 -926 -157 64 -9 -30]
[-599 319 187 174 203 673 -134 -848 -1069 -862 446 330 -473 -33 -489 -370 -108 847 403 -215 383 480 190 116 673 218 1073 -164 -471 1203 -583 67 -307 234 -195 101 150 285 605 249 441 -378 787 545 31 -291 106 112 -312 23 1573 163 450 -647 1277 -227 1342 -112 -284 -167 -489 77 26 -29 -673 454 270 149 225 19 -68 205 -80]
[526 -476 -1035 -331 296 541 -938 63 -187 -263 14 805 -695 953 -771 514 -291 607 295 -910 -1284 358 1100 509 760 571 1014 -79 -355 -350 582 -346 -558 -464 -681 856 784 -250 -999 314 407 86 -151 259 -140 476 -287 -295 -914 319 -884 -216 -391 -793 829 582 1104 -1103 -760 120 -366 1312 -537 -710 -544 -238 291 -348 132 -88 138 -203 151]
[900 -668 -325 156 -363 -614 609 930 1041 -130 351 439 -407 -504 302 454 738 -602 581 631 274 654 -845 -590 -143 480 488 -123 1105 -450 -414 -33 538 446 -1253 225 -713 85 -233 399 -953 -242 -1202 -449 180 272 113 689 331 414 -482 215 -26 866 -365 714 673 -178 438 1205 87 697 -1061 -913 231 -76 106 -543 -235 172 -130 -64 -243]
[420 509 -100 464 84 492 182 954 672 662 61 261 1192 598 738 960 321 -1230 -87 -52 -191 37 -1024 -334 -89 -86 -199 -912 998 -85 117 -441 602 475 623 964 100 -1144 902 35 148 -671 2 -100 863 -802 677 15 -2 899 303 165 26 80 131 921 -900 -240 412 -347 237 -717 1143 891 690 -277 64 274 -391 -206 190 -64 -57]
[40 -899 -468 -21 208 -230 632 -1076 -15 -676 -733 6 -795 -1431 -61 -915 -721 767 -233 -645 86 -506 -290 -635 -141 862 -154 239 -1075 10 -190 -329 -843 -1071 16 -913 659 -167 131 208 160 329 452 -946 1491 395 25 -86 961 -1063 1085 72 61 107 -631 -317 -68 489 -407 -137 -744 -865 -217 -17 467 -352 -13 537 569 49 285 -293 97]
]