[[740 -94 -1007 31 111 -689 -1219 -1220 424 201 886 -11 -858 -399 -691 -794 -645 -161 310 147 -128 1170 1122 -362 -24 727 -594 925 -444 211 16 599 354 440 -776 -263 31 -572 -802 152 352 242 1126 -758 -434 -1437 512 -405 555 -140 -709 163 -803 -113 -559 -739 169 1410 -50 325 111 -1124 67 930 697 272 -648 -664 -183 467 397 -660 -506 94 -26 0 0 0 0]
[975 -1184 733 755 -18 -273 841 -317 174 174 -456 -116 -428 -318 -1232 491 -493 195 210 -23 -255 404 84 821 561 -1515 1025 -1142 -330 -708 180 -625 1389 -3 127 -272 -754 -638 -128 214 -592 -196 -742 927 -494 -57 368 -9 -1214 -983 846 -294 -589 942 -214 931 1123 -1452 -244 -142 1438 514 672 -668 413 597 -99 -183 -118 -497 -598 80 -204 503 21 0 0 0 0]
[-154 1177 501 233 -11 -437 -1875 -1019 251 161 -459 775 -1072 -342 -267 -1405 -259 -128 -172 657 1001 -594 -653 -542 62 606 -678 786 -593 931 911 -155 -1538 704 99 413 721 -720 -535 292 833 350 1389 -1142 300 -472 164 -149 -31 521 -480 538 1471 617 252 -1660 -60 572 910 99 -823 -1390 781 555 -670 -379 -693 -557 806 66 -472 50 0 0 0 0 0 0 0]
[-281 -217 465 260 -501 -681 524 597 -187 -1 747 -426 1399 539 291 986 785 1277 -50 -532 -829 -8 285 825 845 1 130 -1151 12 -1371 106 -914 423 443 -261 -1021 -190 719 -904 -190 -850 257 -896 754 437 184 -194 -343 309 -1213 250 330 -552 630 -612 1253 17 -559 -526 -281 1253 -728 -975 -46 346 1098 -90 1035 -1319 341 765 0 -155 522 779 -40 -96 22 4]
[631 -55 -415 16 211 77 -924 113 361 -375 -563 -196 -1277 564 -611 -398 -829 447 1143 -294 -737 74 614 -948 -929 746 20 198 317 319 -469 734 952 -302 -1289 46 448 436 -146 363 499 -107 818 -499 -229 890 1106 521 621 358 -595 -1151 -1284 -1341 -1152 28 126 403 -946 492 -761 506 -746 977 1120 -562 -245 -1202 508 -116 633 -671 -42 -670 -691 39 96 -22 -4]
[1204 -357 -435 -520 -88 870 -3 -566 -509 553 817 -338 486 -186 383 829 -99 -474 -487 -404 -521 316 1822 734 445 -892 -1065 471 -357 -465 130 -370 858 524 -680 -398 -780 -1197 47 303 -663 532 278 -171 586 -1969 488 -712 862 -1215 44 598 -1014 31 -697 267 -604 192 -484 514 667 -475 -397 990 692 465 -342 639 -1528 249 -437 467 290 194 560 88 -234 24 4]
[1254 -1432 -792 -588 -117 517 -188 -1074 75 -44 -335 513 -187 -272 -1050 204 -152 -664 133 40 467 591 1766 -357 -559 -1638 355 648 -417 256 911 -636 729 1168 194 -582 -65 -1791 252 89 423 -68 1299 -530 97 -1052 705 -833 527 379 47 -252 43 76 -317 -386 252 449 -106 -14 672 384 1304 -351 156 -451 263 -1158 310 -569 -1013 447 331 199 37 56 -76 -22 -4]
[-635 502 1545 1075 138 -444 -437 -71 126 -546 -40 1247 -578 480 -592 -612 35 852 -358 761 -571 -225 -1507 -57 305 323 -49 -891 -421 -353 1186 15 344 777 49 336 180 364 -96 306 -628 -358 -1721 914 33 -294 103 528 -1098 -698 548 338 204 1069 551 227 1196 -509 543 -760 358 -722 261 -1 -383 361 109 -150 88 -386 18 -201 -857 -350 -352 149 254 232 1]
[96 -341 -456 39 -486 -165 48 -781 -395 404 1281 -454 -1380 -333 -551 -300 417 -834 490 66 -390 1268 815 -341 582 269 48 -783 -641 78 883 907 595 -409 -265 702 -233 -330 -127 714 7 -578 -314 1000 -1143 -1665 -247 156 -350 -666 154 245 -855 -9 639 -37 380 -89 139 -571 234 -765 212 -479 1055 517 617 -673 -865 737 -510 -493 -1182 186 -447 -120 76 22 4]
[266 -266 -512 -74 529 -1343 -603 -112 -13 -489 78 476 289 489 -156 -1548 -550 980 810 -299 -705 377 368 -285 261 1172 -655 1079 374 116 -716 25 1208 366 -825 -85 -146 226 -426 -745 -122 375 -108 -20 442 447 852 786 241 924 -370 -102 -1010 -802 -612 -1055 513 637 -687 53 -400 -450 -387 222 388 -711 444 -847 723 -230 1297 -917 -158 -480 -182 19 15 -23 -4]
[152 62 -197 -106 -483 -207 -576 178 309 -8 -843 -166 -994 380 -133 -440 -358 -868 1098 100 1073 601 -40 306 92 70 911 -1239 300 312 -105 211 -1115 -221 1224 317 329 -705 -147 396 750 14 611 -241 -1483 1104 184 -143 -100 679 351 -13 835 110 970 -490 1059 -399 78 109 -249 -967 352 -185 -617 427 -951 108 614 -446 -1068 537 931 302 -251 -34 81 1 0]
[-737 602 -56 128 573 -1275 -100 -304 285 -58 575 -112 354 -598 -144 -1035 241 361 -1069 359 -153 -79 -1077 -259 779 641 -510 707 -744 -450 -934 -351 -773 -428 577 154 807 1149 -1267 -1007 497 445 535 209 -408 -688 -585 -189 -389 -690 -153 523 885 955 -944 190 -684 980 620 457 -504 -190 -888 434 -480 -625 -70 421 -118 885 496 -34 -578 -1 277 34 -81 -1 0]
[123 156 -967 -812 -534 936 542 1378 665 272 909 -250 1639 266 1160 467 533 -557 -263 -241 1034 87 1290 144 -799 1003 15 -287 531 96 -669 487 -878 379 426 -375 -141 548 50 68 -242 145 -128 -407 89 954 -631 -402 1428 25 -251 370 1428 -558 917 -215 -473 742 376 -568 698 -234 -283 -492 -537 572 -22 -292 -9 323 62 -2 608 888 1209 55 -155 101 3]
[-359 -396 -972 -57 997 -517 -243 649 -416 -368 290 869 -212 771 104 -916 -1356 351 1097 -183 -448 760 702 200 -380 665 -123 530 63 -552 167 92 392 251 507 -202 -93 -334 -490 -479 288 -556 174 -740 -1043 -272 397 46 434 453 189 542 -173 -621 113 -1129 158 -152 -411 428 -590 -103 -329 440 880 -566 -493 361 30 -307 297 -247 384 -298 -381 -176 121 -103 -3]
[307 230 -398 -472 265 -405 -602 -1600 10 385 -519 572 28 -1101 736 -741 309 -177 -601 -103 374 -186 343 57 573 126 -397 1633 -41 1006 -1297 847 -870 -129 497 78 -446 -567 47 -362 510 555 247 213 279 -1060 -151 -143 -77 1551 -445 -824 -488 24 463 -1422 14 423 747 129 -893 678 980 -9 -1223 -908 869 383 177 401 -206 240 165 -581 -617 67 34 2 0]
[-373 1353 -355 721 647 -508 -679 574 463 164 1367 340 -861 785 389 -365 -65 340 -426 267 687 555 556 -252 -208 1513 -255 -259 240 -429 673 1227 -747 171 964 -52 811 79 -622 586 39 -162 -563 -144 -1226 93 10 -82 378 855 128 -109 430 -55 1521 -889 58 -42 1077 -670 -876 -518 314 -15 280 887 -703 -91 -336 968 -102 -431 -326 25 -194 -3 377 253 5]
[-310 488 1368 195 638 589 -221 577 765 -72 -1188 1102 1407 682 774 1483 1002 1299 -625 -525 512 -1414 -764 157 -426 27 -169 135 889 -219 1111 -281 -1014 1053 -425 -608 1116 173 -446 457 -7 647 -183 -578 1458 1238 1044 -666 460 525 -28 -1203 608 193 -669 327 -890 -650 231 140 -145 640 -850 615 -515 -210 -580 699 -568 -152 356 -5 459 -275 249 122 117 -8 0]
[-777 1065 515 1066 -26 -1428 -531 222 -264 12 -714 760 -154 1280 -113 689 -25 1131 676 -121 -349 104 -291 -60 252 438 373 -869 242 -112 -543 -378 -602 56 221 -966 -393 398 -1066 -380 -252 498 -602 -243 -444 605 81 -178 304 810 146 -909 -999 560 558 724 20 -296 216 -112 518 -512 -97 86 -508 649 -531 912 58 51 555 262 216 355 -170 211 68 234 1]
[972 -45 605 387 -339 -573 -800 -1464 485 -128 -208 71 -1167 38 -1468 -593 -1108 -716 105 -47 -289 605 52 -898 40 -931 66 -993 -1164 87 -58 -1167 639 759 -939 75 -144 -143 -791 344 -524 745 959 168 -23 -186 565 276 -458 -497 -198 48 -324 1606 -279 351 801 821 188 -153 1035 -925 -80 660 304 -192 490 -878 1033 -859 -450 343 61 570 262 92 -76 -22 -4]
[1147 -510 1009 -132 685 483 -63 370 755 294 -104 467 997 251 451 -665 -335 -66 -638 -213 546 -460 333 983 517 -1143 -356 291 255 68 811 -431 445 1122 26 -56 -200 -650 160 482 -759 519 -984 544 849 12 956 277 -1011 -614 162 -88 -217 478 -492 -836 855 -118 408 -1025 465 62 734 628 87 25 415 -70 33 -157 -204 -79 1159 -150 820 -15 95 -1 0]
[-66 -807 412 417 956 768 667 -62 -226 -75 731 767 76 -121 188 768 174 295 101 361 -105 -26 -205 505 260 -684 -16 1282 28 375 1021 387 216 -120 -89 -101 -113 -984 599 403 235 102 -493 -1043 499 -1452 853 -3 -666 -675 369 658 -239 319 -166 -36 -137 493 390 68 827 -775 619 496 -333 945 -985 896 -956 -20 255 92 -84 -77 274 -164 25 -81 1]
[60 -916 -246 54 643 345 625 1433 -1166 -790 547 -42 -511 1320 -552 634 -616 135 766 -581 -355 367 982 -159 -393 -1606 1294 -96 -337 -375 534 -658 2189 216 -814 -905 -949 -550 709 205 -855 333 -357 -164 273 312 935 669 -645 432 379 86 -1386 -599 -334 -132 -59 119 -996 -373 555 984 225 -607 1437 276 896 -302 141 -421 480 -120 391 -215 -257 -196 183 -127 -7]
[534 -837 323 -478 -47 924 772 286 1427 232 -579 228 182 -303 -257 1 -1183 -129 183 367 432 716 393 1243 -618 -101 885 -352 655 299 714 1595 562 373 -131 285 -1045 -113 603 864 -645 -292 -473 -240 -604 -399 480 99 -646 -1122 -3 -709 -60 -197 113 184 1363 -291 -101 -550 204 634 434 -64 -256 598 -495 -837 125 320 -688 -253 170 20 -97 259 11 72 -1]
[974 -1193 -130 -144 482 -434 -1266 -133 609 -482 -22 718 -784 84 -1337 -1592 -645 395 870 926 -381 602 528 -555 73 -479 139 524 -405 -19 -179 -575 1092 1013 209 88 1146 -349 93 -579 968 -78 166 730 -899 619 1354 56 -141 -115 351 449 605 -323 -727 -936 1943 1203 563 127 393 -624 648 253 -299 123 -1276 -1271 715 -523 -9 -188 273 -513 381 105 237 218 -3]
[-386 -336 -1421 -734 -1113 -546 -1444 -519 408 -199 976 231 -288 35 176 -223 930 -897 -469 -148 637 1300 387 -116 -275 902 50 -299 293 -436 52 580 -1202 625 982 -494 36 -661 -866 742 393 -240 597 105 -286 -416 -865 -1361 1113 3 -382 1283 1496 -53 126 -1390 505 836 -516 506 80 -1420 318 -90 -454 203 389 -240 -555 137 -101 -274 -646 131 -384 25 146 102 3]
[-685 599 -354 -231 -673 172 -1426 356 219 -499 339 134 -451 540 723 393 379 -559 284 -18 383 362 711 -628 -243 589 95 -321 -141 13 -35 -244 -1015 620 -162 -208 1123 348 -633 1052 780 -94 773 -119 86 23 -189 -1091 1062 -406 -326 509 1255 15 -276 -971 -104 655 317 301 226 -874 -336 302 -1162 551 -341 444 -559 276 396 42 206 22 727 310 197 246 1]
[129 509 189 -323 -594 188 -1276 456 63 42 -1075 -244 556 180 691 -530 297 -859 120 68 683 -66 -1058 410 512 -164 -1092 579 -152 629 -432 -1150 -872 558 -119 409 -86 -1066 -455 102 -179 899 289 104 1104 164 404 -104 -259 -339 -478 1050 844 -405 -1413 -801 184 82 -609 558 -187 -826 -161 937 -1587 -579 -476 28 -212 -466 189 93 1063 -203 898 251 -63 234 -3]
[780 45 -499 601 -241 -1417 153 -1177 386 558 805 72 -1206 -391 -1446 -994 -433 256 -232 388 -169 1536 -95 -339 443 316 -656 581 -115 277 -776 1036 941 -406 -172 580 -1065 -334 -144 -603 -209 516 -678 734 -766 -996 739 960 -954 119 -349 -179 -1085 411 572 128 864 587 -128 -172 474 -125 531 9 -351 -503 739 -1836 176 308 -414 -383 -958 293 -713 344 -189 313 0]
[-426 331 625 -332 881 266 1203 1732 -571 394 -531 313 286 1592 515 126 -419 -77 -63 -445 -781 76 -2 255 596 -600 -79 -1099 719 -667 -1044 -177 1149 -676 472 53 -1062 -38 297 -255 -1487 989 -1129 1164 -584 1000 530 539 -407 -1012 1081 64 -1016 -640 -288 712 120 -470 -355 -34 -460 434 -1343 -146 775 -608 528 525 318 495 -274 -58 555 -395 -372 145 -107 95 -1]
[-912 -93 55 -387 -816 -635 619 -75 -715 370 728 -703 238 459 166 358 1616 -146 482 -208 -176 60 -610 50 878 607 -350 -243 754 891 -354 119 -875 -899 70 955 -194 931 -208 -269 562 543 -71 -491 216 -578 -1074 -27 316 -697 -82 731 663 263 -232 146 -1029 816 -356 596 586 -1492 -921 -480 -944 559 590 246 -672 455 -162 768 -842 596 263 104 -308 97 7]
[-130 -424 -94 -42 399 -289 396 -178 257 -27 233 -134 89 -460 -209 -127 -642 -685 -290 -330 88 783 -165 1101 321 -744 730 519 619 -366 -222 928 -122 -994 476 351 68 -138 89 284 147 -491 437 -766 -903 -661 -97 -339 -626 -99 629 -483 -148 838 59 592 42 -118 -99 601 -574 -17 209 403 -154 533 -601 924 -261 -199 -345 408 556 -253 -391 242 16 -130 -2]
[351 -1248 -651 -605 402 264 1223 -772 105 158 1588 -366 523 -1066 -474 127 -420 152 -108 -165 -974 426 818 438 -170 -32 283 1415 89 -141 -290 775 988 -573 -511 -28 -805 216 97 -78 -282 -527 111 -946 170 -674 -833 254 526 429 118 342 -453 -45 856 173 -73 84 55 566 402 -225 711 -522 1205 482 308 -65 -92 45 776 173 -799 290 -186 -468 -60 -380 1]
[818 -990 143 -42 17 -1682 -100 -953 -54 451 -86 144 -1095 -274 -1224 -839 -451 -292 1173 -332 72 580 453 39 476 260 760 -918 -603 398 189 -748 503 -393 -435 415 -951 -882 -1201 333 215 776 808 -307 -597 -23 1335 347 -238 394 656 729 737 147 -4 -657 231 231 -258 375 1144 -2037 238 -831 822 875 -753 -1279 -12 243 -52 -160 -564 1297 260 96 -176 -220 5]
[-309 1306 114 -192 -394 -872 353 -159 359 45 -23 -914 -379 -382 331 -1311 -36 637 338 537 128 -201 -692 -814 931 1272 -614 -939 -503 -130 -37 -538 83 199 -185 1049 1488 996 -231 -65 554 353 120 984 -40 1240 63 992 -646 255 -266 29 352 -62 61 -692 132 -792 260 -561 -1126 -641 -915 -530 -549 -1031 323 -239 563 491 -206 -34 -18 -176 283 59 0 0 0]
[197 163 -369 -594 490 -159 -469 150 -925 -415 741 -591 416 -117 313 -567 106 189 -535 142 261 -625 554 -46 54 -672 -676 1545 100 426 -133 -793 483 161 -487 -204 214 -683 669 -439 338 485 450 -297 1022 -283 127 74 243 934 -546 1443 68 -251 -153 -1175 -749 1413 227 532 -125 -530 585 346 154 121 44 -297 -138 131 1054 396 264 -56 198 -6 50 -74 3]
[474 -705 1094 796 262 505 58 -719 -297 -308 -952 936 -301 -440 -1133 1400 231 982 -359 18 -636 -794 -16 -555 -342 -1337 993 521 -287 105 596 205 1112 306 -566 -375 -53 -290 939 -85 -284 -111 -634 205 217 363 1144 235 63 1295 1048 -1556 -754 308 432 1116 533 -809 611 144 -207 1894 621 -604 -14 -17 381 -451 728 -958 -414 275 -500 -671 -820 -97 331 39 -9]
[306 -323 -328 195 66 -1076 -408 285 -850 -1092 163 -398 -883 916 -1231 -633 35 1143 573 350 -421 227 1005 -893 640 -747 -244 356 -131 -10 1769 -585 1593 555 -411 -160 940 -568 -12 -297 1500 -274 -13 -89 219 -566 872 346 322 -198 -77 -27 -1139 -264 -1019 79 51 345 -716 -267 -440 -509 570 176 909 -354 415 -1016 61 343 430 153 -174 -350 -454 -127 273 8 -6]
[-463 423 210 -1064 -294 242 -105 942 -1092 377 -89 -1078 1007 -64 958 158 1435 -35 37 -735 729 -794 -1148 1051 513 -451 -470 13 1314 522 75 275 -611 -202 -624 386 -382 -452 695 85 -120 80 -165 394 1259 1407 -607 40 -418 474 -406 -93 521 -1052 -624 -866 -1225 -612 -712 279 -1229 266 -215 -681 356 -354 -46 507 -283 45 -49 -232 398 -152 -294 -102 -78 -378 -2]
[-353 289 -972 46 -593 -536 -403 -178 463 -106 -323 169 369 -488 -329 -243 -503 355 1035 152 -20 831 568 -581 -359 1560 238 69 101 332 -589 221 -194 299 -638 -116 -303 198 -1120 -434 297 -261 179 -586 -104 367 -515 -212 1189 594 -383 202 123 -619 255 -100 475 244 -85 123 388 -1009 -79 -271 -1066 346 -558 -852 380 183 1256 -362 45 604 832 423 -240 239 -5]
[-511 1450 633 507 -1606 -627 -920 559 -510 493 -700 -933 498 -282 914 -358 176 316 458 -319 631 -1414 -1227 190 266 762 -575 -805 -708 520 854 -1359 -1694 -46 -43 199 530 555 57 46 582 -271 -16 -608 868 1201 -877 464 268 1154 -541 606 859 -365 603 -604 -627 -1183 -341 -208 -252 -915 172 132 -80 -68 -383 929 29 -234 159 -142 840 706 601 -290 5 -254 3]
[-262 -518 -240 185 237 -286 747 -1624 739 -224 79 95 -869 -541 -836 892 166 -136 -72 176 100 1006 -577 -99 -377 -614 1064 93 -303 -254 472 447 407 -249 -278 -771 -332 5 -26 493 -265 -452 472 245 -463 -354 -126 -24 -684 735 -15 -1266 -1108 430 518 749 300 -879 180 -413 332 1322 1123 -698 338 135 468 -414 439 158 619 -808 -1151 261 -889 -305 156 -319 -11]
[841 461 864 804 428 -232 -1068 -464 -527 361 4 402 -208 -98 -51 -532 -58 336 451 -262 76 -310 420 123 904 675 -892 11 -936 -284 1357 -909 -73 931 -105 184 271 -1763 -1013 294 -93 262 133 -99 940 -382 1215 177 -30 102 500 185 605 276 -18 -591 -141 -730 -20 -923 286 -1550 77 -14 578 424 -1116 -116 -974 157 -412 -473 110 323 733 -149 -286 -19 4]
[1256 -442 -672 -976 274 -410 -1063 425 631 -60 -481 100 -594 -117 -1005 -1772 -1139 -79 -161 92 287 289 1227 27 54 -257 -54 352 68 -481 -1227 125 937 995 233 -37 -109 -955 -578 -561 401 807 758 86 -544 502 739 -289 109 -171 -119 0 -230 -989 -560 -1246 1208 542 -796 649 -452 216 177 353 913 -787 -209 -682 416 -192 -494 -196 438 -804 -427 162 257 50 1]
[-794 100 48 402 450 -210 871 -613 -33 263 129 -761 183 -977 362 1376 -701 -245 -754 -555 527 159 -778 -35 199 73 540 424 511 -496 99 -295 -60 -638 -1441 -291 428 594 649 -337 -210 293 969 -742 940 481 53 -348 181 78 -64 243 19 182 189 421 -778 375 -121 49 148 565 -1220 -129 415 932 -353 1416 3 378 1292 -810 -503 159 448 -21 169 -231 -7]
[152 1033 791 649 -156 -216 -628 -227 -975 -836 -130 222 672 -709 1403 -388 539 241 -969 231 413 -1472 -770 644 1039 650 -1380 1829 -90 55 -16 -457 -645 -155 99 29 683 -611 466 -418 759 557 98 -836 1531 -369 453 380 -135 351 341 910 928 834 218 -631 -500 -105 -25 613 -1037 -1373 190 116 -880 -52 -191 1524 284 -766 303 524 668 -630 76 -237 -316 -230 1]
[838 422 -775 -57 -887 -196 403 -516 -80 388 317 -1023 410 -380 -275 -60 -364 -399 -763 217 -460 548 -50 460 23 -274 -435 -491 -150 -108 -944 -13 539 -190 284 -238 158 144 309 -19 -485 170 -146 -617 -656 -1257 -620 -133 110 -723 23 265 -1486 616 -633 1040 -22 1020 -401 347 662 -354 -511 1280 104 559 -131 1022 -495 -686 -49 711 285 -284 13 348 -78 49 2]
[708 -208 -1410 -118 -597 489 59 -497 173 -267 1410 -169 -91 -599 -517 504 650 -979 -333 547 510 1549 1447 -449 -440 969 461 -132 10 395 15 1473 1141 1094 -162 -350 198 343 695 -95 -136 -1056 -557 457 -865 -1131 -543 -857 730 427 168 -828 -251 -372 1095 50 294 1238 -36 -864 183 1066 -57 -1183 64 465 1042 -877 156 106 -801 -293 -1072 195 -280 393 254 359 -11]
[638 -1476 -568 -190 -190 -553 263 -995 176 351 740 -696 -210 -307 -1195 -516 397 -214 924 -568 -646 1489 202 -257 413 -5 297 747 724 215 81 553 1252 -499 -1148 306 -523 18 -417 -14 145 -59 489 11 86 -150 -163 525 -278 -162 -562 -504 -1047 -439 -1003 103 242 461 -1018 241 126 113 161 -539 1350 -59 1079 -1302 464 -59 308 -813 -1007 -1 -359 -504 156 -111 -7]
[-76 -599 254 -83 998 945 208 575 -460 -465 25 119 -131 1240 576 1303 -878 -183 161 -373 -1507 446 -56 249 -149 -1219 238 -647 142 -482 274 -263 1376 94 -641 70 -647 -162 1161 297 -1362 750 -1115 481 544 322 687 -23 -347 -183 318 -159 -1403 -269 -313 232 82 271 -611 49 1 344 -818 493 907 907 -471 1595 -470 -453 -306 78 394 -1000 -308 -427 348 28 6]
[266 393 -814 15 378 -362 -215 -5 -583 -405 1117 -1261 -188 483 -257 306 -108 -1172 -477 257 400 1177 288 576 506 -454 -789 256 -969 -740 950 -733 -58 -143 685 -223 34 -901 -917 -68 -177 288 471 -350 -1136 -2167 -11 -554 -80 -437 -112 623 -704 121 -95 1001 -193 155 -121 558 -328 -549 -28 564 1095 605 -875 921 -1136 339 -563 324 -86 594 -108 -361 -62 -189 3]
[-199 -1724 273 -509 637 -53 391 564 265 -15 149 1055 1397 137 295 689 8 -144 52 179 -283 333 -208 1181 -473 -930 482 -44 849 120 426 -569 174 1041 890 144 -868 -475 184 -359 -580 -835 -1661 342 -324 165 -263 -1209 -189 572 587 586 -217 -359 521 -858 974 -243 396 504 910 -79 971 -685 316 586 80 1063 -340 -1005 70 379 256 135 -9 -116 347 -9 10]
[730 -315 11 293 424 147 -993 -61 362 -980 -476 -503 -1013 511 -471 951 388 -8 203 -106 -173 119 776 -315 -322 -1186 502 -429 -66 -406 -184 -536 936 62 64 -761 785 -552 -163 500 445 307 64 688 -127 671 575 -582 -263 177 206 -1142 -1002 -652 -1207 344 945 173 -677 -223 -260 876 468 598 -202 917 -419 -153 -639 -70 292 24 388 -574 -296 382 194 153 -9]
[1073 -457 -424 507 -208 -1355 -557 -1180 -24 334 -188 -427 -632 -978 -858 -269 -1090 -399 182 -275 -743 493 73 426 716 -425 -204 -115 -804 -566 -309 -1112 336 -506 -218 -481 -588 15 -1235 -229 603 129 617 -86 -145 -1007 161 -325 -285 -796 -251 33 -410 449 -1058 308 145 -485 -939 675 451 -428 3 1031 1156 -221 -141 630 -695 13 -174 73 -144 837 -122 -207 214 -209 -2]
[-1125 38 -1045 -96 331 38 -217 991 -340 -55 -491 -139 163 662 276 1075 242 232 359 873 108 83 -397 -394 -853 49 -148 -257 1718 -84 852 37 -327 -23 593 -316 1170 -274 1252 -471 1129 -1464 -714 188 -715 1300 50 -537 715 461 90 -104 -456 -1347 43 145 -425 599 9 -487 -677 381 -11 28 627 -389 -762 794 179 20 493 3 393 -562 -291 286 248 65 -1]
[-1642 576 -303 337 -137 -442 261 191 -301 -594 175 296 140 499 405 261 -140 1601 185 -442 -760 -520 -343 -1254 -1615 621 653 -284 185 -516 -452 180 -766 -550 39 -803 1122 1720 -40 -773 680 -812 497 -571 -481 901 -272 929 986 974 -380 -429 -490 -104 112 1311 -276 634 235 -196 -642 868 -801 583 484 -82 204 735 -11 -664 1124 -2 99 -303 -577 68 358 -270 -13]
[1275 -114 -910 -132 8 325 388 -369 334 -503 170 -1158 -492 -1058 -386 -381 -576 -978 -784 658 896 -610 1134 -142 -27 -412 496 -150 -1012 -501 259 -592 574 -206 888 173 719 -709 279 322 569 -140 469 -363 -350 -29 136 -129 279 -63 829 567 1233 598 464 -54 -140 -283 357 197 59 24 1013 -900 431 350 -478 -289 490 -372 -1147 487 -235 227 397 -248 -159 -302 -25]
[127 293 -294 115 654 1064 -664 -236 227 235 242 639 -1390 458 -334 -451 -682 -1653 -305 971 469 453 -1 -870 -757 -609 -494 336 131 566 1996 -396 -36 -154 896 586 1395 -1141 563 991 570 -1142 214 -888 -948 -405 -358 -1186 -27 367 215 714 217 -310 534 -1098 4 762 894 -36 -493 -884 1339 559 859 146 -285 -53 602 -100 -750 104 403 -321 -304 201 -116 99 -21]
[-250 -1128 210 585 -116 -720 289 -481 -1 1458 -891 472 -827 -907 -359 -444 -19 -81 629 111 640 -182 -834 716 911 -1245 214 258 167 283 88 -123 -600 -934 1196 211 54 -572 -188 -178 1431 -664 -193 704 -813 61 -555 -139 -1592 -478 345 -516 640 400 -412 -1117 205 -2076 233 -116 -316 1064 1507 -584 185 -814 132 484 239 -53 -1043 -397 -168 -197 -399 -379 496 -113 -33]
[265 262 -351 532 1044 623 -430 354 -135 -417 -72 671 -1233 727 -711 -445 187 -576 385 -85 587 -185 111 -1107 -1195 128 850 229 -1314 489 -95 -64 -698 317 624 -98 709 -61 -1220 88 735 32 955 -909 -808 79 74 36 146 615 287 -452 1179 119 -70 -130 -257 256 419 41 167 742 -155 65 148 -575 -104 -674 411 -200 80 400 221 104 -72 -21 -81 46 18]
[-502 593 967 1047 -463 -1390 -457 -85 -401 659 -665 133 423 -792 -178 -538 36 1440 235 -433 -449 -751 -1006 675 360 284 268 -454 -637 345 -1661 -27 -341 380 -1242 -845 -1017 424 -867 -1142 -561 399 -891 909 222 817 -410 468 -558 4 -374 -423 -1181 214 -96 -75 629 162 383 -393 911 -206 -209 -3 153 146 126 584 527 89 1626 -730 276 -168 -21 -229 202 -20 -6]
[805 -113 372 -209 -672 576 -1349 -309 -258 530 -1490 -1076 -428 -1296 -885 -650 -168 -808 534 191 582 -905 -396 185 101 -1146 198 259 -571 975 294 -216 -453 -168 -1195 543 -425 -1090 899 -407 440 -248 804 -49 318 839 -41 -55 -361 -222 -208 311 339 -390 -689 -70 134 375 -167 207 -180 42 904 660 699 171 -1390 -1237 614 -320 -58 -382 317 -108 168 84 -44 -98 71]
[202 107 499 -532 100 799 227 952 -564 692 508 1046 764 -143 176 291 492 1017 -703 -111 -740 -1041 1037 412 -879 -242 -637 548 172 142 -1339 837 1264 498 -1052 -123 -1147 369 1077 -214 -511 409 -1415 417 753 156 67 -213 616 -219 275 -369 -431 -1222 158 -167 -647 23 38 474 588 1502 -138 -501 25 -372 789 -765 -480 -122 -173 -14 -779 -330 -522 614 -112 156 -28]
[757 -207 -1070 -757 333 -96 -580 217 1183 -455 -45 -926 -344 204 6 -1305 -369 -567 1010 525 -436 1088 -458 327 -858 1518 -528 366 1126 956 -1732 1811 -52 -773 -253 701 -403 943 242 -512 -190 -266 182 -721 -787 713 -324 692 172 -78 -1331 -317 -1245 -1331 -717 384 1009 1956 -669 115 -656 -510 -474 1826 -58 394 -886 -1149 805 -464 680 -114 195 -339 -588 -115 157 1 -37]
[-264 -540 -63 -480 -160 121 -109 -864 190 -447 666 -565 315 -974 -117 -248 812 0 -97 822 -592 -224 -784 641 1231 -19 570 32 -878 547 178 345 -229 -480 -148 -108 -75 669 -120 -308 87 449 542 391 -535 -1733 -61 -321 -943 -1387 -556 519 -101 761 -965 869 159 1676 320 -111 226 -889 -521 708 -218 1017 -1216 523 -1212 1209 -127 146 -754 303 146 -305 -368 -66 9]
[-543 1256 425 909 -268 -589 -759 -608 617 3 262 156 538 -1145 410 -502 685 -217 -1414 565 371 -893 -1307 -56 284 1526 -900 311 -1072 -144 -394 484 -1851 11 588 -295 194 809 -684 -731 325 -12 -204 -257 75 -835 -1010 -640 153 -155 -592 572 410 545 457 424 31 1023 1055 47 -153 -1001 266 1222 -935 335 -228 771 146 835 672 -456 -416 397 333 -242 39 -128 -24]
[-140 463 234 425 91 -424 -1406 -820 287 -809 409 491 396 -291 -357 -922 1460 655 -473 385 74 -121 -997 -358 526 1358 -116 1531 -546 -81 854 436 -957 565 114 -291 1570 -602 -998 -202 1332 68 422 -560 197 -71 526 -447 258 358 -16 33 331 393 -898 27 47 1463 303 196 -288 -1725 40 631 -441 78 -808 -90 204 309 1308 -928 -504 -462 -33 -443 41 -204 -42]
[292 -820 344 1067 160 -1392 309 -577 -62 -20 -20 688 60 612 -1847 -663 634 491 213 -61 174 513 41 -346 344 176 182 -936 161 -1087 899 -891 899 773 337 -105 944 -602 -754 -839 332 217 308 96 -367 95 380 213 -357 -326 552 186 494 1374 -93 1001 96 -300 -349 -329 1275 -1250 -624 -789 546 24 -207 -1316 390 -860 -190 -139 -770 578 -149 41 -77 301 -19]
[926 -271 -500 -155 -492 351 -1096 -708 -416 380 170 -695 -124 -557 391 -262 43 121 376 -1233 -144 -151 956 380 511 405 214 -259 -176 -228 -403 591 -75 615 -529 -58 -189 -547 -159 390 173 429 192 69 -84 -276 410 -451 308 242 -621 -248 -1807 -752 -617 -1157 339 279 -773 372 25 -721 -868 715 676 124 359 1036 -470 96 130 -340 603 -823 -235 -264 -212 37 37]
[-134 -332 32 -36 31 956 345 517 -393 952 1315 -211 -689 560 286 1111 724 -612 -217 -121 319 244 1286 -239 -894 -1176 231 -226 -481 -44 -78 389 -40 189 390 -153 -481 -899 440 298 -646 337 -92 452 -1062 -504 321 -160 135 -110 186 299 -509 -362 658 23 -311 387 681 -567 741 452 647 -107 549 856 367 77 -900 622 -683 315 -60 -13 -350 -44 114 325 56]
[-457 736 37 886 -845 -1032 313 690 96 -20 -1194 257 621 90 325 604 89 1475 887 -115 116 -412 -384 975 -51 1389 821 -1109 -301 -243 -981 269 -795 -420 344 -1129 -818 1050 -603 -237 302 -247 -66 -221 -527 1203 -20 -111 217 -458 132 -978 -459 382 -18 883 -306 -874 -922 -18 890 61 -1068 15 -495 204 -440 797 321 218 746 -1061 116 696 -411 -150 -349 -95 -85]
[-1559 -914 -770 -840 1167 -415 1275 1088 351 -1013 -385 559 992 1204 87 -371 -259 -340 -428 630 444 755 -1028 -166 -1031 -151 521 443 1993 -235 834 -41 130 255 1227 428 1009 854 504 -603 876 -1501 -742 -269 -714 681 -407 -406 95 483 497 -250 560 -995 -829 280 -60 421 -198 67 -938 738 79 -505 -352 -547 147 465 742 -180 304 404 527 -827 -96 655 600 167 112]
[-189 460 -32 152 -841 -838 -933 50 576 -72 -416 -133 -692 101 -222 -937 -488 -119 84 200 226 305 -900 -853 -266 951 128 -1270 -142 32 321 -418 -622 276 -463 799 780 790 -293 627 298 -748 374 503 93 1179 333 -32 -302 -488 -382 247 868 143 -290 -700 175 508 -321 -668 76 -725 -739 152 353 -674 766 -450 665 -188 33 -780 -240 -57 29 181 267 27 151]
[-234 -1112 643 0 -331 -459 963 558 -204 407 -377 846 1333 1038 -299 205 448 778 842 -173 -1155 -35 380 518 727 -1005 -259 -822 321 187 -394 -1029 775 511 244 -460 -1279 -87 -523 -887 -1334 546 -994 982 440 -105 -429 527 -167 -1110 197 403 -154 377 -377 774 851 -199 -94 -723 837 -394 169 -124 -445 261 216 -302 -303 27 -143 581 188 637 888 319 -35 238 82]
[451 -494 -372 -234 494 -769 426 364 949 670 709 -15 1301 -329 -712 168 234 1479 -288 -315 465 888 444 1456 620 185 1248 -972 423 -1429 -123 358 265 967 -355 -1103 -713 308 -1189 -596 -590 319 -730 512 -495 756 -394 -1089 -409 -305 -220 -510 -225 750 355 77 301 -623 99 -529 1292 446 -502 -885 655 757 -260 341 -685 297 -146 -389 -337 737 188 10 64 47 153]
[350 298 882 -138 -439 424 -588 299 -155 406 -430 -141 -1161 320 -367 23 590 -148 -155 192 463 -1213 430 -695 719 -1290 622 -382 -104 104 15 -1046 227 -451 -255 -20 433 899 272 366 269 728 389 965 537 481 -364 -27 -783 -807 269 -360 1274 419 -862 -970 -503 -778 538 -485 225 718 1173 -1037 -404 379 931 -1098 413 734 -1379 420 331 128 992 91 -299 248 174]
[-366 409 -433 -18 597 117 -541 -542 423 -776 626 562 -43 -25 -134 444 260 402 -692 490 168 771 -719 -883 -664 181 161 873 236 -50 -42 350 60 429 -169 -739 890 -779 -75 165 418 401 293 -670 343 571 587 -230 41 1267 -346 217 -278 70 172 146 -67 1574 311 -182 -234 -296 -75 835 -502 351 -684 368 -18 -599 987 -244 -28 -660 -586 241 190 -25 -70]
[-1027 58 -296 -915 492 1495 649 569 -565 -133 -571 58 355 -88 954 1436 349 -45 403 -353 -137 -339 149 -194 -298 208 190 897 415 468 -1431 1241 -185 -707 -257 -51 -259 76 116 -498 221 91 519 -503 160 -70 -780 -306 769 1097 -115 -1019 -632 -1038 -21 -18 -1416 -374 -179 543 -1094 1691 -770 -405 -184 -561 226 614 -611 240 85 429 50 -626 -530 -184 -455 -64 -74]
[1091 -743 -220 -252 350 -111 193 -588 808 -88 950 -282 115 -1124 274 -1017 -286 -1000 79 519 29 1043 -104 492 837 492 -483 378 -868 -31 -1018 304 794 285 -661 990 -165 -44 -252 59 168 124 -1098 975 -209 -836 711 340 -904 -983 0 195 -738 -5 -161 -518 1244 678 -138 -465 1069 -890 -306 833 -320 528 -276 391 -739 -132 523 -395 295 29 533 355 -40 55 23]
[-1267 -310 -91 -63 224 -848 467 743 -136 -231 1332 397 476 689 489 -820 145 433 349 212 -799 133 -1235 -329 121 1385 -1259 275 -350 188 595 -261 -74 -4 -466 360 99 1240 -968 -176 -255 -105 -704 68 310 -242 247 873 -288 -779 -147 1436 1119 140 -293 -544 -535 -306 195 -191 -121 -970 -818 232 325 -760 713 -392 52 254 691 -649 -872 433 527 -547 203 -99 -161]
]