[[383 720 646 -37 -68 -260 869 278 907 -54 1243 624 179 -239 458 -118 -554 786 399 132 552 -182 -61 882 -164 -10 487 -766 -391 -1113 -601 720 245 -45 -199 218 266 1185 630 -348 -199 -385 183 -762 388 -582 839 -713 58 -444 266 -93 321 -354 -293 -999 165 -449 287 -219 17 -772 249 721 -356 633 511 168 39 0 0 0]
[-347 618 -523 -157 -614 -770 742 684 -184 812 84 -95 96 -482 74 -1536 -390 49 772 181 920 398 -423 676 811 -554 -205 -15 413 29 181 1486 107 -252 -172 208 -41 688 -69 -315 -20 58 652 -337 -152 -397 1151 -1064 -483 -996 256 149 -548 -567 664 -558 533 171 675 88 247 -964 -298 -639 167 242 -261 328 68 0 0 0]
[-121 -73 33 788 337 570 77 53 163 -315 967 155 -818 -375 -294 -112 841 615 592 -556 -570 69 -332 -344 1016 521 485 -929 -615 -924 -405 -590 125 -184 143 495 1331 450 224 270 -261 -476 -823 -283 -443 -140 -441 -221 822 -202 -248 581 -105 430 -815 1219 -384 -294 776 98 421 -135 -328 1029 -410 225 145 275 181 0 0 0]
[-829 -344 -638 -130 272 55 -235 -52 1100 -548 714 500 -310 -857 -234 -241 -557 -762 -65 360 570 -194 -51 964 46 642 189 -1286 -350 391 465 -209 -167 350 -71 69 -1342 692 -24 116 -833 271 -33 -646 127 -338 258 -607 466 242 6 63 -455 -662 -792 -550 166 1443 -33 780 516 -593 11 906 -318 889 -428 609 139 7 0 0]
[50 -747 -957 -283 -874 -280 -446 -101 648 -1027 102 319 23 151 287 -83 -762 -678 -660 907 145 53 612 784 606 911 -233 -432 942 899 961 -315 557 -423 -215 -650 -477 215 11 -284 239 -1120 212 -968 -410 6 152 -718 936 -196 85 440 242 257 -580 189 -297 295 514 509 310 -800 -255 28 672 144 -875 -5 -1 -343 -92 1]
[557 893 326 628 526 876 417 631 645 512 -293 367 243 -63 92 -30 978 -36 179 -1168 -219 -635 -936 -377 -682 -333 540 175 1090 -1341 -354 -283 -837 456 324 63 114 -506 -185 -509 -331 1102 -827 -64 3 518 113 90 -114 502 -70 -1080 117 -234 108 -148 -215 -614 -670 141 -115 532 311 739 160 -924 310 -236 -33 391 95 -1]
[811 741 715 878 155 -299 1208 -2 185 936 521 302 58 325 457 -776 250 -182 635 -473 -72 -447 -1145 -139 957 -292 297 -149 877 -905 1108 714 -94 -577 363 166 1287 358 -426 -1515 500 -200 86 296 -229 793 22 -137 55 -829 339 -339 485 -1262 -306 -273 -35 -949 156 72 -241 -525 -405 -91 118 85 353 -145 -93 42 3 0]
[-145 -181 754 290 -391 58 476 531 -857 153 423 271 84 -204 -634 -19 114 750 206 -62 -583 -177 -13 -759 743 341 -270 335 -252 207 -371 -456 306 -492 -202 203 669 -1182 -44 12 517 -1353 506 507 23 -144 -176 530 -508 -1049 -729 762 -1176 -15 322 1901 843 98 580 -622 -79 -563 -799 -601 -213 355 91 129 -79 -100 1 0]
[1017 283 129 -523 -354 587 -264 -182 898 -626 263 -713 -127 1059 550 1270 -71 531 -396 13 625 386 686 521 -119 -784 976 -580 328 58 257 130 -252 -253 -200 -431 350 1260 245 -122 -5 -672 -99 -568 973 -132 -238 -792 458 333 153 -845 769 85 -332 -5 -479 -964 256 266 212 -106 436 1017 1057 -681 11 -366 297 110 -1 0]
[428 737 -399 856 291 661 220 132 179 -51 393 -254 521 965 115 -842 1044 1189 940 -1167 -707 -26 -634 -525 -940 546 -429 -120 -454 -1520 -1606 102 301 1007 85 42 524 204 83 646 90 249 7 -228 -78 -294 357 197 39 80 930 345 891 877 -216 -478 -731 85 -386 -413 621 321 604 794 -90 -459 454 209 44 350 92 -1]
[-362 -1042 -1001 846 -873 331 -1220 890 273 -234 -1047 1201 66 -321 -1238 197 -291 -96 -1053 440 -405 -16 165 658 -148 721 -214 105 1137 1084 -131 -947 91 618 -9 916 -1010 -597 156 2 -419 -302 70 -283 -1241 -414 276 205 989 -167 -679 140 -368 97 -42 667 347 542 -636 127 -307 -603 344 415 561 -826 -801 127 -241 -54 4 0]
[610 311 112 -227 529 48 783 96 784 676 -177 358 268 -884 48 -375 351 -1051 983 -527 -525 -462 -692 -176 1011 -1109 304 -140 651 -943 763 745 -15 -558 -374 -326 499 -202 58 -334 -543 -101 -1186 -739 -165 699 -81 642 -778 247 -496 220 -753 10 -248 -120 348 -482 484 390 -149 -150 -1004 75 -264 554 296 -478 -176 224 106 3]
[-790 512 -232 -63 -482 247 95 436 -79 365 -3 643 -325 -1452 -323 -1166 990 -332 270 -209 60 -261 275 140 -333 257 -313 463 195 -190 -802 -726 -432 808 173 -78 -1005 -648 561 560 -90 967 921 370 -20 -240 1200 -737 10 946 266 -195 -1211 -417 878 -407 255 1421 -13 239 252 -483 -219 261 -959 129 -1011 583 145 355 92 -1]
[150 60 -441 860 -63 439 70 -313 503 607 342 210 -389 -101 182 -280 227 299 635 -518 698 398 -445 -121 247 -637 359 -746 212 -600 627 1481 -61 19 427 844 424 -109 601 214 -683 278 -924 -156 -244 -115 53 1001 31 -476 -549 364 -67 -623 -1453 -64 -175 129 -243 590 -293 -233 -113 671 -18 196 189 -363 106 28 117 7]
[1109 926 -136 -40 104 -587 -804 884 509 96 -1064 95 257 -26 -642 549 -1014 -239 -458 614 838 509 -509 1302 165 -1453 153 27 789 606 8 711 -359 222 -618 -190 218 1131 -384 -916 -185 -181 345 -1109 -309 -313 32 -174 466 -83 496 -815 257 -9 310 -973 372 -532 72 -203 -668 36 -299 328 1432 -617 302 -316 -109 50 3 0]
[179 1065 400 -674 -615 277 -454 123 -573 -483 -1189 -758 271 257 993 102 98 355 -262 443 1074 293 887 -612 -439 -975 249 697 158 488 -676 -278 -334 -95 -64 -500 -260 -1659 650 -69 432 27 -574 366 1299 167 -518 363 -686 917 -171 -224 139 535 853 131 -366 -402 58 -84 -368 981 -203 -172 1131 -1248 -142 -460 384 -83 35 0]
[-165 35 470 -419 1168 324 -125 -143 417 -57 431 -345 22 -808 -165 1317 -53 -939 -397 142 360 -1204 -70 -102 -669 -445 144 416 521 447 1066 -434 -732 442 364 -641 -635 -389 -926 -823 -373 1449 -443 459 38 1223 -80 -127 140 659 209 -1208 -9 -285 460 224 202 -418 -951 234 -169 1013 109 -919 62 79 825 -730 -541 19 -38 0]
[-189 -289 107 561 436 -53 -231 -984 -1538 460 149 -302 141 213 -80 -198 445 11 -83 -663 -148 90 -75 -756 -150 -154 -1211 260 -557 -241 -246 508 325 -38 666 -28 516 630 -229 1163 55 1042 781 844 -423 203 -368 624 -166 418 955 183 676 -454 106 -644 -42 478 -708 277 154 1017 405 -448 -1354 -541 -236 537 337 -137 -3 0]
[1512 782 -188 65 -390 73 509 724 56 267 -764 796 397 1453 -616 43 234 345 -48 -611 91 1499 -37 -296 -1161 -480 -345 744 877 -137 -37 1204 -29 732 -258 -730 136 -967 182 -337 306 -753 216 25 37 -402 195 883 235 -260 -313 -663 -230 504 -424 9 -322 123 -145 -677 -728 -757 144 -83 710 -647 -123 -171 147 225 106 3]
[1554 235 951 -553 -311 -110 530 -610 1008 489 270 416 429 1669 -350 790 534 -286 -182 -946 -1003 15 -14 100 -1212 -118 274 135 1244 444 744 -60 355 341 336 -81 -27 -104 135 -878 266 -590 99 246 567 395 459 -84 64 834 -312 -934 656 -140 -339 -755 -413 -1005 -516 -14 -331 -767 594 -94 386 -265 381 -548 -106 319 23 -1]
[769 74 -408 303 -409 -306 -192 -459 -1134 41 -1005 -951 65 396 551 365 -298 -246 -31 76 23 557 1070 -523 1032 -729 -95 356 -44 370 538 177 -348 -680 -672 -137 544 -685 -158 422 1446 -870 -1 730 269 24 -973 1333 -318 -311 -550 194 191 331 -329 952 79 369 683 -198 -533 337 -548 -327 163 -105 -117 -621 -109 -85 83 4]
[795 123 496 -579 446 224 580 3 -211 -289 21 -567 885 607 88 1060 -322 124 240 -706 -241 509 423 94 -208 -412 268 793 -954 -504 -179 -371 415 6 -489 -1530 -125 -307 -184 103 1116 -1243 520 644 1063 79 -837 949 -938 -100 34 -487 231 712 92 762 728 268 233 -778 -358 276 169 176 -162 148 680 -86 461 -43 85 4]
[-570 -232 -859 -447 34 -35 -566 609 -677 201 -1104 -76 -53 -721 -1664 406 -400 235 -232 680 -124 721 457 -455 579 -275 -95 277 -133 955 -102 295 -889 50 -604 121 -644 229 -732 841 -472 182 -399 -178 -418 -583 -109 65 -94 -366 -723 196 -1125 -467 546 1104 602 498 611 -307 -585 290 -148 -297 318 -26 -330 -30 -568 414 57 -1]
[-352 -178 580 1349 -204 775 213 -147 -639 -494 701 926 -42 -1078 -758 -222 -629 873 114 527 -314 -732 758 -141 177 743 20 -1388 -1390 -639 -689 -688 -108 560 -231 1213 63 340 143 849 -243 -703 -530 966 406 -641 -103 174 149 39 -319 745 -252 -712 -578 129 279 729 -417 90 219 -220 -170 851 -1336 710 -186 1127 -42 -75 56 -4]
[36 -1150 -296 79 -655 758 -416 594 394 -1597 -541 812 364 -897 -163 323 -679 -448 -769 829 643 -347 747 486 366 426 320 -491 521 540 -25 -938 60 -10 -372 -632 -530 -1188 454 362 -1081 -452 -1093 72 -235 -56 -735 552 298 -92 -835 329 -503 1427 -44 1102 352 583 -480 179 -13 111 -552 423 277 -173 -467 332 404 -727 -75 2]
[-786 -1372 322 -439 128 1066 -459 -726 632 -352 -29 -30 -193 476 603 1126 117 -340 -815 216 -309 -541 399 -1070 -330 892 333 237 252 -63 21 -591 -4 -760 -138 -527 -785 -1468 -24 451 412 -338 -126 -309 186 -197 -724 652 -350 -24 -1033 158 -806 52 -834 1640 -114 -237 -361 421 246 109 127 176 3 -525 -831 -519 -70 10 -118 0]
[-26 -580 693 -527 -981 -208 614 -581 479 600 115 484 476 -673 -306 -621 -1012 -438 166 432 1021 -399 -164 357 341 -382 475 -186 564 692 336 253 265 -334 475 -264 -1489 235 601 -418 -344 -162 310 364 831 113 859 -533 -598 -249 -123 -129 -213 -1443 -71 -826 521 -114 -352 607 -646 -418 141 747 289 -151 -663 259 663 -141 -12 0]
[12 -604 -379 731 147 65 615 309 -844 716 69 -281 -402 575 -701 -612 -6 177 939 -453 -177 67 -1338 -634 549 357 -54 -376 -529 630 627 442 -382 109 -193 581 134 -203 -247 -320 -269 -567 -357 1084 -76 336 -11 747 -100 -1217 -673 602 -491 -123 -295 807 -7 495 299 134 261 -1059 -206 -599 -410 1022 627 241 -281 210 177 0]
[-977 352 -1135 -600 496 262 -243 703 -284 363 -921 29 694 -600 56 -774 -189 -530 144 -343 1253 117 -1246 261 -475 -148 -634 438 680 306 711 216 -790 587 578 -1326 -1321 -1121 -757 59 -624 1138 -121 448 136 122 224 771 -644 431 164 -144 -872 -1038 397 79 641 1693 -306 661 96 717 -843 -316 96 602 -28 269 336 18 254 8]
[-175 -180 436 -503 286 -847 519 146 -713 -181 426 811 -263 -65 -447 301 220 899 -197 1089 -33 -310 576 -686 443 674 -526 450 -867 -444 -1016 -253 -35 158 -606 -394 668 334 365 -39 364 212 349 812 -447 -407 374 -503 711 -355 140 130 68 1039 990 630 -120 -636 896 -860 -474 414 -17 -432 -887 339 183 -29 -388 -11 -104 -3]
[-1149 -478 -1089 561 -261 -78 -116 170 285 57 -188 416 611 529 595 -1134 -989 398 -120 163 436 989 -448 414 -390 1222 -134 -91 -270 -224 565 744 741 111 878 953 -959 69 330 62 -95 294 53 -606 -297 -360 118 -34 448 -472 476 654 758 -940 -782 -992 -214 930 -510 176 119 -387 1335 71 141 197 -162 811 88 172 29 -5]
[-530 112 55 615 -42 158 -210 65 -350 865 35 -483 142 894 -612 -857 448 658 692 -478 151 62 -620 -999 512 49 -286 -899 -98 438 -335 493 -219 -128 -165 1703 231 -496 49 832 -252 -220 -352 717 494 -1291 -407 141 -820 -822 -803 801 -323 -196 -400 1216 515 615 -120 350 815 221 -122 43 380 -580 63 341 63 439 -152 -10]
[-633 992 -516 830 562 173 312 -599 971 269 678 401 -494 -877 41 -590 1224 -442 800 -172 380 234 -705 465 819 167 446 -855 -90 -805 565 245 -336 265 375 -458 239 466 267 -575 -25 623 -281 44 -314 799 21 -354 897 607 573 -181 -221 -1312 -960 -215 -900 332 545 962 -92 -511 71 1285 -481 136 -384 -475 -97 481 116 11]
[-368 -686 34 -286 433 -49 -209 -994 79 -279 562 -565 -499 412 -336 400 866 -219 289 -60 -471 349 309 -868 352 589 -73 65 -1174 784 221 40 459 -284 -4 -922 22 -336 247 448 -73 -98 37 575 144 642 -609 597 -575 103 13 460 69 1002 -246 852 -910 151 -200 -24 523 565 -89 -178 -564 26 -349 -218 15 230 7 8]
[272 445 -187 -1111 -88 -47 214 -98 69 95 -574 -94 -325 453 465 424 -112 -745 120 507 910 1371 213 629 -631 -677 268 237 -117 399 1061 1597 -389 -115 -337 -464 -392 709 -178 -149 312 -42 665 -512 664 -89 128 -446 -162 156 695 -412 -875 -525 -154 -935 194 59 326 63 -130 -857 173 -754 324 550 -214 -105 -274 143 -182 -9]
[64 88 424 170 -760 -626 609 78 -868 280 -917 503 200 -943 218 -726 119 -147 104 581 554 329 1266 -40 419 -1150 -804 922 270 -733 -33 533 296 106 -369 -234 579 -1313 785 254 293 46 -83 1466 -1084 -219 -21 317 -463 18 -534 161 -554 1102 434 32 27 -58 99 -355 -674 18 -938 -783 -524 -5 -671 -421 464 -410 163 17]
[506 -69 -38 475 242 -20 -174 744 1200 -443 541 430 854 -156 -163 895 -827 785 -775 799 402 -189 28 524 -675 32 67 260 622 -40 -24 344 -48 373 -193 -408 -26 -42 252 -90 -585 112 507 -869 -236 -478 573 172 1003 -1028 271 -550 336 -53 -221 37 324 77 -1389 -557 -237 601 293 899 474 111 326 -547 -401 -47 12 4]
[-520 -81 -430 -245 -438 -200 81 -688 -240 -328 824 380 502 -972 -289 -247 -292 -393 89 711 21 -816 612 -74 -203 1103 -682 -162 360 613 -112 -166 54 -3 -137 -244 -1042 193 83 766 -279 -347 185 -65 423 269 756 -347 464 422 824 830 -237 74 -218 -424 -396 1011 -266 537 510 -15 225 -714 -491 377 -372 483 -659 492 -162 -10]
[-301 114 -218 -933 102 -1096 -135 1127 -725 -76 -1390 -25 -157 179 151 234 -632 13 -394 58 -23 773 -770 278 -642 3 -672 597 677 521 -334 228 -446 -258 85 407 83 269 -382 192 470 733 408 -1296 -448 -452 610 -1167 15 81 138 -293 -415 432 846 -704 -114 -563 987 -656 -370 -64 420 -1070 321 -143 214 -87 -314 -64 -130 -12]
[-38 1015 664 -500 -36 507 128 356 -271 -138 445 7 173 -1175 -138 676 -374 177 106 -239 774 753 11 7 -14 -1257 731 6 -359 -547 -796 1254 -375 -562 -254 -420 32 17 348 947 -592 -89 -871 -1528 900 -343 73 118 -1436 451 -289 22 -1359 -140 -144 137 667 -240 455 356 -78 846 -322 464 3 345 -11 108 407 422 278 6]
[209 -285 774 -502 794 366 555 -746 374 -170 728 359 997 526 -553 872 -349 -217 -398 -237 -295 103 -32 260 -242 91 502 -715 -99 -317 -146 240 302 -69 -82 -971 515 772 -453 215 -249 -356 -414 52 341 155 -122 370 -131 420 1 -665 143 365 -114 37 314 -166 -441 282 213 -118 176 241 -476 -95 314 307 5 310 170 3]
[94 -573 -657 64 -956 -499 528 -416 -558 517 722 -436 47 730 689 -993 550 470 435 -254 -834 742 -104 30 -86 -141 -433 591 52 -768 -21 1297 1512 187 -200 -265 1092 233 1105 1070 351 -1177 534 -71 -426 -84 1576 17 -13 -937 248 1020 194 1437 -370 -357 -662 -352 525 -178 716 -735 -504 -629 -207 902 -126 -292 346 78 302 11]
[190 492 -674 639 -351 -23 481 -104 -228 323 -225 -943 -526 540 880 -707 -122 151 556 -566 1174 -225 -504 491 -820 -30 348 -560 -610 -505 -701 227 -1333 -63 -181 67 -375 826 152 179 415 1178 508 720 1061 -187 363 -550 -839 -523 271 -665 336 -282 430 -953 -526 197 -423 165 253 219 982 484 -58 -145 232 334 266 169 88 -4]
[-258 15 276 497 366 1168 -521 -404 -809 445 -745 -219 -372 -22 9 -188 527 618 121 715 -503 -28 120 -1403 -263 236 561 252 -988 102 -687 -847 -658 673 370 52 37 -447 -171 -95 532 29 -128 813 687 650 -97 1073 551 476 450 19 -415 -272 -502 594 -1049 -213 -371 -39 116 399 -355 492 -47 8 -433 290 -473 640 167 -5]
[62 82 1063 424 333 905 -484 -145 -123 495 28 109 -137 -666 -1023 556 146 156 465 -742 -208 -415 -776 -1029 923 -98 387 97 287 -328 28 -837 173 -148 207 -377 -29 -991 -458 31 369 -287 -441 174 474 432 -425 568 -363 917 -369 -42 -607 -620 -15 1047 340 -187 127 326 -183 1027 -729 404 -73 -546 -161 566 395 153 124 -3]
[683 0 593 -169 -80 598 123 125 -229 -991 848 218 186 530 331 462 -281 308 -241 570 -567 -851 -34 -341 248 239 -200 -634 337 47 620 -573 71 -357 258 -242 1199 -119 74 -492 -3 -997 -927 -279 64 141 -392 380 268 -319 -146 584 520 213 -226 836 182 -1189 207 -54 333 -12 -1094 -236 236 795 775 -426 -205 -359 -51 69]
[-598 -387 710 -820 403 -631 -252 -1024 -764 937 -46 -844 -1088 293 587 -237 1004 112 182 228 -51 104 -276 -860 850 10 375 79 -769 676 159 -464 136 -771 341 483 643 -165 549 -455 193 201 -59 958 111 96 -567 -307 117 -186 -430 503 175 -723 274 732 -230 -1216 576 127 -297 257 -260 -724 -235 366 537 -117 -86 32 -170 -9]
[693 -181 -43 -123 -537 196 -820 345 414 678 -1031 -743 -463 636 152 261 751 495 110 -288 -572 127 -336 28 -101 -609 -241 1380 718 -527 338 -824 185 129 111 -146 631 161 233 -283 820 -11 249 -223 -567 -251 486 -363 338 353 137 -298 406 756 407 -214 -331 -1073 -28 -155 -14 638 -297 367 865 -624 -386 -905 -6 322 -88 0]
[72 -123 -299 -221 -222 -10 -856 -288 -944 48 -1281 -90 -65 216 -175 61 241 -459 29 540 -287 805 211 -386 1034 -922 -190 764 -445 -415 379 -200 340 -864 -53 -434 716 732 354 382 113 -368 -413 -256 244 587 -1487 -318 -751 737 290 607 1 -152 511 312 -14 -1150 886 232 -222 1131 -309 91 503 -592 -734 -97 675 -201 124 76]
[-781 253 1057 -104 494 501 -291 203 413 -607 72 -548 294 -1245 177 1132 -457 -55 -456 683 1356 -502 -184 423 -322 -730 986 312 -627 214 45 -62 -849 306 -80 -316 -191 -778 -35 54 -451 476 177 653 986 84 -905 50 -910 -211 -174 -175 -990 -45 613 355 1092 549 -771 -297 -309 892 -454 -124 409 559 775 -453 34 98 -216 5]
[-304 -1007 -665 -946 97 -236 87 -743 1128 -546 511 88 351 -95 -466 373 128 352 700 358 -886 208 804 1373 -197 869 -58 -574 -773 -32 -267 -184 1387 1282 -356 -32 -371 1106 319 1002 -464 -212 49 -52 -136 -655 601 -336 479 183 521 436 354 1605 -549 -692 -230 11 62 -784 310 -499 505 263 -597 1282 103 209 -338 -214 -173 -10]
[-602 -277 -392 -245 -419 242 -140 -839 -971 1033 -766 -1469 -1013 1060 -84 -348 1482 745 662 -229 -78 914 -479 -849 -179 162 -329 768 -766 243 9 451 -562 -7 41 -84 261 29 55 1046 -19 696 793 1582 242 -618 -378 -50 -847 -186 -20 466 -711 -158 265 312 -574 493 508 -31 353 227 -284 -702 -183 128 -662 346 82 312 -214 -100]
[-699 -568 -185 -765 -489 270 -5 333 -512 -1006 1195 -94 11 -523 467 458 -447 315 -452 282 763 325 945 -113 301 725 6 -543 303 649 270 503 31 -547 -58 -23 -242 155 -122 772 -267 -367 -631 -901 -102 -16 696 -1088 173 -161 -250 346 -621 18 -204 1362 36 -90 210 337 1143 85 -200 -909 -212 562 -658 -184 -459 17 -147 -78]
[-409 426 -585 -1138 -186 48 -292 15 395 -45 -948 -455 -175 854 -468 -650 632 -915 487 136 -680 -286 349 -382 87 -160 255 432 342 1400 311 368 -391 333 -1135 -359 -1351 -887 -241 -27 -110 -413 180 155 748 -216 -195 -256 -1228 1068 -719 276 -598 240 962 -209 227 751 3 499 233 -758 -242 -488 562 -566 -693 -85 -75 423 132 -90]
[140 656 -39 128 -971 869 262 -57 -66 -845 993 -395 -178 434 819 -954 326 -334 225 -813 839 -22 -217 271 801 828 206 -668 739 563 652 -122 482 89 484 -648 732 -750 -431 -203 600 -888 328 89 540 5 117 -898 6 -552 221 438 -274 -42 -570 978 355 659 663 814 954 -652 -1037 -217 312 -129 -407 617 1027 -833 120 -89]
[483 453 -486 76 343 -386 -267 -1165 -1167 628 -767 -824 -50 542 -153 67 477 307 480 -744 -390 863 -705 -712 244 213 -86 498 -4 -391 765 408 167 277 293 -94 1201 -1205 -579 271 638 250 -836 799 296 53 -889 1692 -198 312 -59 309 393 506 -712 -409 -173 52 259 -128 -1085 1090 -192 -345 27 801 865 -502 -363 -322 -134 39]
[149 122 -22 -1186 -1375 -700 89 140 138 212 -207 318 -15 378 762 -468 -59 7 -1071 235 174 29 850 398 -367 533 346 213 661 491 155 4 -241 -811 -109 98 -492 161 557 316 -340 314 392 -618 585 -637 676 -1131 -498 -78 -473 -138 183 -1361 960 -558 265 -446 290 -208 -214 -377 10 -734 376 -209 -513 -5 -262 -36 -147 -148]
[-55 -134 79 867 1104 414 443 -792 450 1314 -40 796 -389 -406 -365 -138 949 -205 46 -491 -958 582 -124 -147 10 -139 575 24 -776 -1846 718 645 -36 208 558 885 1237 387 294 231 -527 578 -565 610 -905 194 -600 926 658 284 295 -228 461 -401 -1149 -338 -584 -99 -681 -67 -654 -23 462 476 -975 177 -157 46 -356 791 -68 -11]
[-307 570 -13 -478 508 372 1260 280 22 773 -404 124 1069 -230 44 -238 -251 -326 530 445 114 -301 88 -693 -1120 -710 -91 176 -143 -538 374 674 -535 114 -734 -649 -839 -68 -505 55 -363 -39 -593 250 1158 274 599 -342 -611 -197 10 -250 -800 -398 460 -572 335 72 -524 97 517 251 371 -586 80 306 -221 430 -386 484 -50 -129]
[-143 -672 612 -317 -697 -128 -235 -136 -963 -159 -4 1390 121 -267 -75 851 -1146 150 -1420 785 1044 45 1240 113 -573 587 -602 188 263 200 -448 -149 -268 -282 -137 413 -564 -244 789 680 559 193 574 314 -515 -1089 394 389 992 -417 -495 69 -330 159 -283 825 695 541 -92 -262 -516 -100 248 -513 -902 -190 -308 160 58 -228 87 223]
[588 678 -125 -590 -1346 438 679 137 -44 -64 154 -529 536 393 719 -581 93 198 -188 -463 247 -375 140 -243 210 97 0 369 2212 -307 325 613 -148 -783 512 -838 424 -672 -810 -138 515 -132 394 -608 22 -84 482 -855 -262 -223 -33 203 -669 -782 750 571 323 -919 489 246 134 -292 -548 -591 1089 -292 -455 -188 202 -146 85 -179]
[-1 -933 -831 -1276 -132 -111 -182 -663 -45 412 -694 -609 -75 864 -708 -29 359 -1136 392 8 -563 1151 142 -172 -155 103 -67 822 -219 1250 1450 639 90 -245 0 -800 -855 161 -298 730 -337 262 659 221 252 83 -347 270 -862 681 617 -1 -193 -163 327 -387 19 841 -60 155 203 -18 80 -1161 -175 908 -469 132 98 430 -19 60]
[229 -302 -696 -257 -154 225 26 -186 596 -165 413 -112 -161 -132 482 -259 147 47 -47 -9 -892 -739 231 200 -312 1066 -112 -849 937 -623 37 -1169 -511 -111 -33 288 -696 565 228 499 -625 479 -840 -709 -740 -233 496 -795 1111 648 -255 -90 696 -353 -707 -468 -523 370 5 1068 612 -247 366 894 -431 447 -265 -377 -105 -98 64 118]
[312 -458 -382 110 -743 -443 814 -262 -11 -78 501 -579 -474 354 1895 -104 636 374 -191 -973 -250 433 379 328 602 356 448 81 787 -1233 291 227 316 -831 425 -417 1663 280 800 460 946 -59 -3 -139 -364 75 640 -549 909 -24 -346 -264 719 696 -62 501 -553 -849 1086 -5 390 56 484 -57 -637 102 -258 -395 476 -413 -169 117]
[700 -373 -376 582 -215 -154 262 1026 382 -807 -306 -34 738 910 -376 611 335 691 -173 -586 -1198 132 33 410 532 -290 286 -41 -143 458 -857 -1248 679 8 -1108 169 720 -637 234 -313 35 -1810 -626 37 -147 259 -891 625 346 -690 -1107 318 162 1746 619 1827 256 -309 275 -672 -140 -349 72 920 1029 -937 775 -232 259 -88 96 76]
[155 -75 262 656 -1451 544 86 937 743 -921 473 117 114 562 186 217 -330 1150 -133 576 66 68 320 354 -285 13 326 -565 -510 121 -663 -383 82 -365 -426 645 -663 262 845 272 -54 -1580 996 -1071 594 -573 439 -814 587 -611 96 657 -547 -673 -263 338 -125 302 -12 -374 442 -1211 486 1289 1034 -39 -561 204 146 215 -92 -53]
[154 902 -180 2 28 382 335 148 -264 360 -301 -599 -43 -419 154 -883 727 220 630 -617 141 485 -820 -204 -13 297 10 510 106 -840 -606 -330 -525 -402 203 -709 567 942 -214 -81 479 -421 712 -229 -286 249 93 -1689 360 -214 1645 -199 -4 -19 357 -384 -373 -341 527 -48 408 79 -39 399 428 -65 -276 282 -150 549 129 -104]
[342 -479 211 -21 -178 159 -236 -843 -23 266 496 -668 497 646 188 -190 290 -776 270 -1078 -776 -755 -30 -667 238 912 -800 452 553 181 495 -567 414 -506 190 -487 -615 -468 -353 323 940 233 678 -222 -68 378 -409 408 -1199 265 265 -17 460 140 -229 401 320 681 87 633 534 360 219 -445 -410 130 -76 0 -221 36 -131 57]
[-1394 -254 -277 -178 253 -696 -404 -532 -319 -233 -225 -29 135 -476 -804 -44 -149 322 -436 464 -1205 -447 770 191 -1296 1121 -429 -147 -867 1157 -1244 -1846 -123 758 235 1309 -1370 93 64 872 -504 653 -48 1059 490 -728 39 8 352 290 -414 621 -114 -207 161 -322 -205 585 -747 -665 -96 486 695 16 -558 151 311 194 66 -166 -1 -34]
[682 357 128 -286 -328 93 399 123 1171 -190 553 250 866 -1358 227 798 -1039 -138 -417 356 675 -856 461 992 -609 177 38 522 904 -1214 -465 -164 361 -3 -717 -942 -557 -256 362 -282 199 -21 -211 -702 -320 -165 1117 -29 81 -38 198 -740 136 1340 -227 -357 67 -446 -519 -32 -387 657 -68 194 -37 292 233 -682 16 -141 78 -240]
[770 217 66 100 -315 312 407 389 -165 -702 1462 241 -76 436 389 1363 232 951 -230 -287 524 850 1286 101 -621 -315 32 -381 -86 -487 -572 313 180 -437 542 -589 1110 175 1113 158 91 -463 -253 -347 -337 179 254 36 681 -289 264 -479 266 770 -359 1322 -451 -1114 194 -649 172 251 323 178 388 -471 116 -637 254 -253 87 32]
[718 227 317 -370 -1154 213 884 936 -261 -497 -691 38 415 1233 716 -791 428 628 3 -88 -482 -355 -579 -496 -123 1111 -124 181 1317 -35 -472 -1227 -274 -1199 252 -660 432 -386 -552 -726 119 -654 46 -138 543 303 -47 -995 -146 -531 -147 -126 -144 -17 852 846 -251 -1232 705 -270 200 -312 376 -99 1259 -1099 -21 204 60 -358 -163 50]
]